location	Cabo Douglas	Cabo Douglas	Cabo Douglas	Cabo Douglas	Cabo Douglas	Cabo Douglas	Cabo Douglas	Cabo Douglas	Cabo Douglas	Cabo Douglas	Cabo Douglas	Cabo Douglas	Cabo Douglas	Cabo Douglas	Cabo Douglas	Cabo Douglas	Cabo Douglas	Cabo Douglas	Cabo Douglas	Cabo Douglas	Cabo Douglas	Cabo Douglas	Cabo Douglas	Cabo Douglas	Cabo Douglas	Cabo Douglas	Cabo Douglas	Cabo Douglas	Cabo Douglas	Cabo Douglas	Punta Espinoza	Punta Espinoza	Punta Espinoza	Punta Espinoza	Punta Espinoza	Punta Espinoza	Punta Espinoza	Punta Espinoza	Punta Espinoza	Punta Espinoza	Punta Espinoza	Punta Espinoza	Punta Espinoza	Punta Espinoza	Punta Espinoza	Punta Espinoza	Punta Espinoza	Punta Espinoza	Punta Espinoza	Punta Espinoza	Punta Espinoza	Punta Espinoza	Punta Espinoza	Punta Espinoza	Punta Espinoza	Punta Espinoza	Punta Espinoza	Punta Espinoza	Punta Espinoza	Punta Espinoza	Rabida	Rabida	Rabida	Rabida	Rabida	Rabida	Rabida	Rabida
sample_id	CD02	CD04	CD06	CD07	CD09	CD10	CD11	CD12	CD13	CD15	CD16	CD18	CD19	CD21	CD24	CD25	CD27	CD31	CD32	CD33	CD34	CD37	CD38	CD40	CD42	CD43	CD44	CD49	CD52	CD56	PE04	PE06	PE08	PE09	PE10	PE13	PE19	PE23	PE25	PE26	PE28	PE29	PE32	PE33	PE34	PE36	PE37	PE43	PE44	PE46	PE48	PE49	PE50	PE52	PE54	PE55	PE57	PE58	PE60	PE61	R01	R02	R03	R04	R05	R06	R07	R08
Aminoglycoside|aacC2	0	0	0	0	0	0	0	0	0	0	0	0	0	0	0	0	0	0	0	0	0	0	0	0	0	0	0	0	0	0	0	0	0	0	0	0	0	0	0	0	0	0	0	0	0	0	0	0	0	0	0	0	0	0	0	0	0	0	0	0	0	0	0	0	0	0	0	0
Aminoglycoside|aacA/aphD	0	0	0	0	0	0	0	0	0	0	0	0	0	0	0	0	0	0	0	3.35E-07	0	0	0	0	0	0	0	0	0	0	0	0	0	0	0	0	0	0	0	0	0	0	0	0	0	0	0	0	0	0	0	0	0	0	0	0	0	0	0	0	0	0	0	0	0	0	0	0
Aminoglycoside|aac(6)-II	0	0	0	0	0	0	0	0	0	0	0	0	0	0	0	0	0	0	0	0	0	0	0	0	0	0	0	0	0	0	0	0	0	0	0	0	0	0	0	0	0	0	0	0	0	0	0	0	0	0	0	0	0	0	0	0	0	0	0	0	0	0	0	0	0	0	0	0
Aminoglycoside|aphA3	0	0	0	0	0	0	0	0	0	0	0	0	0	0	0	0	0	0	0	0	0	0	0	0	0	0	0	0	0	0	0	0	0	0	0	0	0	0	0	0	0	0	0	0	0	0	0	0	0	0	0	0	0	0	0	0	0	0	0	0	0	0	0	0	0	0	6.87E-05	0
Aminoglycoside|sat4	0	0	0	0	0	0	0	0	0	0	0	0	0	0	0	0	0	0	0	0	0	0	0	0	0	0	0	0	0	0	0	0	0	0	0	0	0	0	0	0	0	0	0	0	0	0	0	0	0	0	0	0	0	0	0	0	0	0	0	0	0	0	0	0	0	0	0	0
Aminoglycoside|aac(6)-Ib	0	0	0	0	0	0	0	0	0	0	0	0	0	0	0	0	0	0	0	0	0	0	0	0	0	0	0	0	0	0	0	0	0	0	0	0	0	0	0	0	0	0	0	0	0	0	0	0	0	0	0	0	0	0	0	0	0	0	0	0	0	0	0	0	0	0	0	0
Aminoglycoside|aadA2	0	0	0	0	0	0	0	0	0	0	0	2.96E-07	0	0	0	0	0	0	0	0	0	0	0	0	0	0	0	0	0	0	0	0	0	0	0	0	0	0	0	0	0	0	0	0	0	0	0	0	0	0	0	0	0	0	0	0	0	0	0	0	0	0	0	0	0	0	0	0
Aminoglycoside|aadA5	0	0	0	0	0	0	0	0	0	0	0	0	0	0	0	0	0	0	0	0	0	0	0	0	0	0	0	0	0	0	0	0	0	0	0	0	0	0	0	0	0	0	0	0	0	0	0	0	0	0	0	0	0	0	0	0	0	0	0	0	0	0	0	0	0	0	0	0
Aminoglycoside|aph(2)-Id	0	0	0	0	0	0	0	0	0	0	0	0	0	0	0	0	0	0	0	0	0	0	0	0	0	0	0	0	0	0	0	0	0	0	0	0	0	0	0	0	0	0	0	0	0	0	0	0	0	0	0	0	0	0	0	0	0	0	0	0	0	0	0	0	0	0	0	0
Aminoglycoside|aadD	0	0	0	0	0	0	0	0	0	0	0	0	0	4.49E-07	0	0	0	0	0	0	0	0	4.13E-07	0	0	0	0	0	0	0	0	0	0	0	0	0	0	0	0	0	0	0	0	0	0	0	0	0	0	0	0	0	0	0	0	0	0	0	0	0	0	0	0	0	0	0	0	0
Aminoglycoside|aadA9	0	0	0	0	0	0	0	0	0	0	0	0	0	0	0	0	0	0	0	0	0	0	0	0	0	0	0	0	0	0	0	0	0	0	0	0	0	0	0	0	0	0	0	0	0	0	0	0	0	0	0	0	0	0	0	0	0	0	0	0	0	0	0	0	0	0	0	0
Aminoglycoside|aphA1	0	0	0	0	0	0	0	0	0	0	0	0	0	0	0	0	0	0	0	0	0	0	0	0	0	0	0	0	0	0	0	0	0	0	0	0	0	0	0	0	0	0	0	0	0	0	0	0	0	0	0	0	0	0	0	0	0	0	0	0	0	0	0	0	0	0	0	0
Aminoglycoside|aadE	0	0	0	0	0	0	0	0	0	0	0	0	0	0	0	0	0	0	0	0	0	0	0	0	0	0	0	0	0	0	0	0	0	0	0	0	0	0	0	0	0	0	0	0	0	0	0	0	0	0	0	0	0	0	0	0	0	0	0	0	0	0	0	0	0	9.71E-06	0	0
Aminoglycoside|str	0	0	0	0	0	0	0	0	0	0	0	0	0	0	0	0	0	0	0	0	0	0	0	0	0	0	0	0	0	0	0	0	0	0	0	0	0	0	0	0	0	0	0	0	0	0	0	0	0	0	0	0	0	0	0	0	0	0	0	0	0	0	0	0	0	0	0	0
Aminoglycoside|strA	0	0	0	0	0	0	0	0	0	0	0	0	0	0	0	0	0	0	0	0	0	0	0	0	0	0	0	0	0	0	0	0	0	0	0	0	0	0	0	0	0	0	0	0	0	0	0	0	0	0	0	0	0	0	0	0	0	0	0	0	0	0	0	0	0	0	0	0
Aminoglycoside|aac3ia	0	0	0	0	0	0	0	0	0	0	0	0	0	0	0	0	0	0	0	0	0	0	0	0	0	0	0	0	0	0	0	0	0	0	0	0	0	0	0	0	0	0	0	0	0	0	0	0	0	0	0	0	0	0	0	0	0	0	0	2.89E-06	0	0	0	0	0	0	0	0
Aminoglycoside|aph4ib	0	3.73E-07	0	0	1.61E-06	0	0	0	0	2.41E-07	0	3.39E-07	0	0	0	0	0	0	0	1.75E-07	0	0	5.84E-07	0	0	0	0	0	0	0	5.56E-07	0	0	0	0	0	0	0	0	9.24E-06	2.50E-06	0	0	0	0	9.03E-06	0	0	0	0	0	0	2.32E-06	0	3.14E-07	0	0	0	0	0	0	6.94E-07	0	0	0	0	5.45E-06	0
Aminoglycoside|aph3via	0	0	7.69E-07	0	1.37E-06	0	0	0	0	0	0	0	0	0	0	0	0	4.49E-06	0	0	0	0	0	0	0	0	0	0	0	0	0	0	0	0	0	0	0	0	4.73E-06	0	0	0	0	0	0	0	0	0	0	0	0	8.57E-07	0	0	0	0	0	0	0	0	0	0	0	0	0	0	0	0
Aminoglycoside|aph6ic	0	0	0	0	0	0	0	0	0	0	0	0	0	3.90E-07	0	0	0	0	0	0	0	0	0	0	0	0	0	0	0	0	0	0	0	0	0	0	0	0	0	0	0	0	0	0	0	5.67E-06	0	0	0	0	0	0	0	0	0	0	0	0	0	9.21E-07	0	6.58E-07	0	0	0	0	0	0
Aminoglycoside|ArmA	0	0	0	0	0	0	0	0	0	0	0	0	0	0	0	0	0	0	0	0	0	0	0	0	0	0	0	0	0	0	0	0	0	0	0	0	0	0	0	0	0	0	0	0	0	0	0	0	0	0	0	0	0	0	0	0	0	0	0	0	0	0	0	0	0	0	0	0
Aminoglycoside|spcN	0	0	0	0	2.25E-06	0	0	0	0	0	0	0	0	0	0	0	0	0	0	0	2.18E-06	0	0	0	0	0	0	0	0	0	0	0	0	0	0	0	0.000164368	0	0	0	0	0	0	0	0	0	0	0	0	0	0	0	0	0	0	0	0	0	0	0	0	0	0	0	0	0	0	0
Aminoglycoside|spec_aph	0	0	0	0	0	0	0	0	0	0	0	0	0	0	0	0	0	0	0	0	0	0	0	0	0	0	0	0	0	0	0	0	0	0	0	0	0	0	0	0	0	0	0	0	0	0	0	0	0	0	0	0	0	0	0	0	0	0	0	0	0	0	0	0	0	0	0	0
Aminoglycoside|aac(3)-ib	0	0	0	0	0	0	0	0	0	0	0	0	0	5.72E-07	0	0	0	0	0	0	0	0	0	0	0	0	0	0	0	0	0	0	0	0	0	0	0	0	0	0	0	0	0	0	0	0	0	0	0	0	0	0	0	0	0	0	0	0	0	0	0	0	0	0	0	0	0	0
Aminoglycoside|aac(3)-id_ie	0	0	0	0	0	0	0	0	0	0	0	0	0	0	0	0	0	0	0	0	0	0	0	0	0	0	0	0	0	0	0	0	0	0	0	0	0	0	0	0	0	0	0	0	0	0	0	0	0	0	0	0	0	0	0	0	0	0	0	0	0	0	0	0	0	0	0	0
Aminoglycoside|aac(3)-iid_iii_iif_iia_iie	0	0	0	0	0	0	0	0	0	0	0	0	0	0	0	0	0	0	0	0	0	0	0	0	0	0	0	0	0	0	0	0	0	0	0	0	0	0	0	0	0	0	0	0	0	2.62E-06	0	0	0	0	0	0	1.16E-06	0	3.98E-07	6.95E-06	0	0	0	0	0	0	0	0	0	0	0	0
Aminoglycoside|aac(3)-xa	0	0	0	0	0	0	0	0	0	0	0	0	0	0	0	0	0	0	0	0	0	0	0	0	0	0	0	0	0	0	0	0	0	0	0	0	0	0	0	0	0	0	0	0	0	0	0	0	0	0	0	0	0	0	0	0	0	0	0	0	0	0	0	0	0	0	0	0
Aminoglycoside|Aac6-Aph2	0	0	0	0	0	0	0	0	0	0	0	0	0	0	0	0	0	0	0	0	0	0	0	0	0	0	0	0	0	0	0	0	0	0	0	0	0	0	0	0	0	0	0	0	0	0	0	0	0	0	0	0	0	0	0	0	0	0	0	0	0	0	0	0	0	0	0	0
Aminoglycoside|aac(6)-ig	0	4.09E-07	8.21E-07	0	0	0	0	0	5.44E-07	4.19E-07	0	0	0	0	0	0	0	0	0	0	0	0	0	0	0	0	0	0	0	0	0	0	0	0	7.93E-06	7.09E-06	2.20E-05	0	0	0	0	1.37E-06	0	0	0	0	5.48E-07	1.34E-06	2.14E-06	0	2.30E-06	0	0	0	0	0	0	0	0	0	0	4.78E-07	0	0	0	0	0	0
Aminoglycoside|aac(6)-iic	0	0	0	0	0	5.54E-06	0	0	0	0	0	0	0	0	0	0	0	0	0	0	0	0	0	0	0	0	0	0	0	0	0	0	0	0	0	0	0	0	0	0	0	0	0	0	0	0	0	0	0	0	0	0	0	0	0	0	0	0	0	0	0	0	0	0	0	0	0	0
Aminoglycoside|aac(6)-ij	0	0	0	0	0	0	0	0	0	0	0	0	0	0	1.26E-06	0	0	0	0	0	0	0	0	0	0	0	0	0	0	0	0	0	0	0	0	0	0	0	0	0	0	0	0	0	0	0	0	0	0	0	0	0	0	0	0	0	0	0	0	0	0	0	0	0	0	0	0	0
Aminoglycoside|aac(6)-im	0	0	0	0	0	0	0	0	0	0	0	0	0	4.29E-06	0	0	0	0	0	0	0	0	0	0	0	0	0	0	0	0	0	0	0	0	0	0	0	0	0	0	2.90E-05	0	0	0	0	0	0	0	0	0	0	0	0	0	0	0	0	0	0	0	0	0	0	0	0	0	0	0
Aminoglycoside|aac(6)-ir	0	0	0	0	0	0	0	0	0	0	0	0	0	0	0	0	0	0	0	0	0	0	0	0	0	0	0	0	0	0	0	0	0	0	0	0	0	0	0	0	0	0	0	0	0	0	0	0	0	0	0	0	0	0	0	0	0	0	0	0	0	0	0	0	0	0	0	0
Aminoglycoside|aac(6)-is_iu_ix	0	0	0	0	0	0	0	0	0	0	0	0	0	0	0	0	0	0	0	0	0	0	0	0	0	0	0	0	0	0	0	0	0	1.37E-05	1.13E-05	1.46E-05	3.92E-05	4.86E-06	6.55E-06	8.45E-06	3.44E-06	3.79E-06	4.64E-06	0	0	0	0	0	0	0	0	0	0	0	0	0	0	0	0	0	0	0	0	0	0	0	0	0
Aminoglycoside|aac(6)-iv_ih	0	0	0	0	0	0	0	0	0	0	0	0	0	0	0	0	0	0	0	0	0	0	0	0	0	0	0	0	0	0	0	0	0	0	0	0	0	0	0	0	0	0	0	0	0	0	0	0	0	0	0	0	0	0	0	0	0	0	0	0	0	4.53E-07	0	0	0	0	0	0
Aminoglycoside|aac(6)-iw	0	0	0	0	0	0	0	0	0	0	0	0	0	0	0	0	0	0	1.09E-06	0	0	0	4.58E-07	0	0	0	0	0	0	0	0	0	0	0	0	0	0	0	0	0	0	0	0	0	0	0	0	0	0	0	0	0	0	0	0	0	0	0	0	0	0	0	0	0	0	0	0	0
Aminoglycoside|aac(6)-iz	0	0	0	0	0	0	0	0	0	0	0	0	0	0	0	0	0	0	0	0	0	0	0	0	0	0	0	0	0	0	0	0	0	0	0	0	0	0	0	0	0	0	0	0	0	0	0	0	0	0	0	0	0	0	0	0	0	0	0	0	0	0	0	0	0	0	0	0
Aminoglycoside|aacA43	1.02E-05	1.54E-06	2.96E-06	2.76E-05	8.06E-06	1.77E-05	3.34E-06	8.51E-05	3.33E-06	3.04E-06	1.72E-05	2.16E-06	0	1.06E-05	0	1.41E-05	0	6.08E-06	0	3.15E-06	0	2.79E-05	5.26E-06	0	2.38E-05	2.63E-05	1.92E-06	3.92E-06	2.79E-06	1.67E-05	3.41E-06	6.84E-05	0	5.60E-05	0	0	0	0	0	0.000121277	2.79E-05	9.99E-06	0	0	0	5.33E-05	3.64E-06	1.11E-05	5.69E-05	4.70E-05	4.38E-06	1.49E-05	2.75E-05	2.19E-06	1.02E-05	9.23E-05	4.89E-06	3.00E-05	8.69E-06	7.29E-06	0.000134774	4.90E-06	6.13E-06	8.57E-06	1.13E-05	8.85E-05	0.000117418	5.63E-05
Aminoglycoside|aadA6	0	0	0	0	0	0	0	0	0	0	0	0	0	0	0	0	0	0	0	0	0	0	0	0	0	0	0	0	0	0	0	0	0	0	0	0	0	0	0	0	0	0	0	0	0	0	0	0	0	0	0	0	0	0	0	0	0	0	0	0	0	0	0	0	0	0	0	0
Aminoglycoside|aadA7	0	1.94E-07	4.12E-07	3.43E-06	0	1.15E-06	0	6.18E-06	0	2.62E-07	0	0	0	0	0	0	1.22E-07	0	0	0	0	0	0	0	2.54E-06	1.91E-06	0	0	1.12E-06	0	1.41E-06	0	0	0	0	0	0	0	0	0	0	1.96E-06	0	0	1.81E-06	5.92E-06	4.36E-07	0	0	2.79E-06	0	4.53E-07	7.74E-07	0	8.36E-07	5.09E-06	0	3.85E-06	7.50E-07	0	7.32E-06	1.04E-06	2.24E-06	2.25E-06	0	1.19E-05	6.71E-06	5.84E-06
Aminoglycoside|aadA10	0	0	0	0	0	0	0	0	0	0	0	0	0	0	0	0	0	0	0	0	0	0	0	0	0	0	0	0	0	0	0	0	0	0	0	0	0	0	0	0	0	0	0	0	0	0	0	0	0	0	0	0	0	0	0	0	0	0	0	0	0	0	0	0	0	0	0	0
Aminoglycoside|aadA16	0	0	0	0	0	0	0	0	0	0	0	0	0	0	0	0	0	0	0	0	0	0	0	0	0	0	0	0	0	0	0	0	0	0	0	0	0	0	0	0	0	0	0	0	0	0	0	0	0	0	0	0	0	0	0	0	0	0	0	0	0	0	0	0	0	0	0	0
Aminoglycoside|aadA17	0	0	0	0	0	0	0	0	0	0	0	0	0	0	0	0	0	0	0	0	0	0	0	0	0	0	0	0	0	0	0	0	0	0	0	0	0	0	0	0	0	0	0	0	0	0	0	0	0	0	0	0	0	0	0	0	0	0	0	0	0	0	0	0	0	0	0	0
Aminoglycoside|aadB	0	0	0	0	0	0	0	0	0	0	0	0	0	0	0	0	0	0	0	0	0	0	0	0	0	0	0	0	0	0	0	0	0	0	0	0	0	0	0	0	0	0	0	0	0	0	0	0	0	0	0	0	0	0	4.80E-07	0	0	0	0	0	0	0	0	0	0	0	0	0
Aminoglycoside|ant4-ib	0	0	0	0	0	0	0	0	0	0	0	0	0	0	0	0	0	0	0	0	0	0	0	0	0	0	0	0	0	0	0	0	0	0	0	0	0	0	0	0	0	0	0	0	0	0	0	0	0	0	0	0	0	0	0	0	0	0	0	0	0	0	0	0	0	0	0	0
Aminoglycoside|ant6-ia	0	0	0	0	0	0	0	0	0	0	0	0	0	0	0	0	0	0	0	0	0	0	0	0	0	0	0	0	0	0	0	0	0	0	0	0	0	0	0	0	0	0	0	0	0	0	0	0	0	0	0	0	0	0	0	0	0	0	0	0	0	0	0	0	0	0	0	0
Aminoglycoside|aph3-ib	0	0	0	0	0	0	0	0	0	0	0	0	0	0	0	0	0	0	0	0	0	0	0	0	0	0	0	0	0	0	0	0	0	0	0	0	0	0	0	0	0	0	0	0	0	0	0	0	0	0	0	0	0	0	0	0	0	0	0	0	0	0	0	0	0	0	0	0
Aminoglycoside|aph3-viia	0	0	0	0	0	0	0	0	0	0	0	0	0	0	0	0	0	0	0	0	0	0	0	0	0	0	0	0	0	0	0	0	0	0	0	0	0	0	0	0	0	0	0	0	0	0	0	0	0	0	0	0	0	0	0	0	0	0	0	0	0	0	0	0	0	0	0	0
Aminoglycoside|aph4-ia	0	0	0	0	0	0	0	0	0	0	0	0	0	0	0	0	0	0	0	0	0	0	0	0	0	0	0	0	0	0	0	0	0	0	0	0	0	0	0	0	0	0	0	0	0	0	0	0	0	0	0	0	0	0	0	0	0	0	0	0	0	0	0	0	0	0	0	0
Aminoglycoside|aph(3)-ia	0	0	0	0	0	0	0	0	0	0	0	0	0	0	0	0	0	0	0	0	0	0	0	0	0	0	0	0	0	0	0	0	0	0	0	0	0	0	0	0	0	0	0	0	0	0	0	0	0	0	0	0	0	0	0	0	0	0	0	0	0	0	0	0	0	0	0	0
Aminoglycoside|apmA	0	0	0	0	0	0	9.77E-06	0	0	0	0	0	0	0	0	0	0	0	0	0	0	0	0	0	0	0	0	0	0	0	0	0	0	0	0	0	0	0	0	0	0	0	0	0	0	0	0	0	0	0	3.89E-07	0	0	0	0	0	0	0	0	0	0	0	0	0	0	2.26E-05	0	0
Aminoglycoside|aph_viii	0	0	0	0	0	1.51E-06	0	0	0	0	0	0	0	0	0	0	0	0	0	0	0	0	0	0	0	0	0	0	0	0	0	0	0	0	0	0	0	0	0	0	0	0	0	0	0	0	0	0	0	0	0	0	0	0	0	0	0	0	0	0	0	0	0	0	0	0	0	0
Aminoglycoside|acc3-iva	5.44E-06	0	2.35E-06	0	0	0	0	4.21E-05	0	0	9.54E-07	0	4.65E-06	0	0	1.07E-05	0	6.63E-06	4.01E-06	2.69E-06	6.87E-07	0	0	0	0	0	0	0	0	0	0	0	0	0	0	0	0	0	0	6.70E-05	0	1.09E-05	0	0	0	1.52E-05	0	0	0	0	0	0	0	0	0	0	0	0	5.33E-06	0	0	0	0	0	0	0	0	0
Aminoglycoside|aac(6)I1	0	0	0	0	0	0	0	0	0	0	0	0	0	0	0	0	0	0	0	0	0	0	0	0	0	0	0	0	0	0	0	0	0	0	0	0	0	0	0	0	0	0	0	0	0	0	0	0	0	0	0	0	0	0	0	0	0	0	0	0	0	0	0	0	0	0	0	0
Aminoglycoside|aac(6)-Iy	0	1.08E-06	0	0	0	0	0	0	0	0	0	0	0	0	1.80E-05	0	0	0	0	4.25E-06	1.70E-06	0	0	0	0	0	0	0	2.52E-06	0	3.56E-06	0	0	0	0	0	0	0	0	0	4.72E-05	2.41E-05	0	0	0	0	7.87E-06	0	0	0	0	6.65E-06	4.50E-05	1.74E-06	0	0	0	0	3.48E-05	1.16E-05	0	0	0	0	0	0	0	0
Aminoglycoside|aph6ia	3.24E-06	2.38E-06	8.09E-07	1.03E-05	1.90E-06	0	3.74E-06	8.47E-06	8.26E-07	0	0	6.48E-07	1.25E-06	3.63E-06	3.25E-06	1.02E-05	5.66E-07	3.12E-06	1.04E-06	1.36E-06	2.92E-07	0	1.95E-06	2.40E-05	7.87E-06	3.41E-06	0	0	0	0	3.55E-07	6.34E-06	0	6.78E-06	2.27E-05	0	0	0	2.32E-06	1.81E-05	9.63E-06	1.06E-05	3.95E-06	7.69E-06	7.96E-06	1.06E-05	2.53E-06	4.86E-06	0	0	1.95E-06	3.48E-06	1.92E-06	0	6.02E-07	1.11E-05	0	5.20E-06	2.39E-06	3.53E-06	2.70E-05	0	0	0	1.59E-06	0	0	0
Aminoglycoside|aac3-Via	0.001389164	0.000249362	0.000454105	0.001030306	1.09E-06	0.001597048	2.65E-06	0.036109259	0.000621797	0.000115771	4.34E-05	0.000121268	0.00014146	0.000715159	4.72E-05	0.000371027	0.000188215	0.000167542	3.51E-05	4.81E-05	0.000257123	0.000973022	0.000327401	6.71E-05	0.000242617	0.000207717	1.23E-05	7.01E-06	0.002514867	0.000594085	0.002188393	0.00065724	0	0.000219534	0	0	0	0.000267844	0.000125442	0.004406172	0.002238311	0.001324687	0.000263579	0	0.000896856	0.010620507	0.000307365	0.000379797	0.000840818	0.000853783	2.40E-05	0.00011608	0.000127476	0.000209591	0.000680855	0.002112639	4.36E-05	6.35E-05	0.001045874	0.001367957	0	0.002844386	0	0	8.35E-05	0.001604967	0	0
Aminoglycoside|aph3-III	0	0	0	0	0	0	0	0	0	0	0	0	0	0	0	0	0	0	0	0	0	0	0	0	0	0	0	0	0	0	0	0	0	0	0	0	0	0	0	0	0	0	0	0	0	0	0	0	0	0	0	0	0	0	0	0	0	0	0	0	0	0	0	0	0	0	0	0
Aminoglycoside|ant6-ib	0	0	0	0	0	0	0	0	0	0	0	0	0	0	0	0	0	0	0	0	0	0	0	0	0	0	0	0	0	0	0	0	0	0	0	0	0	0	0	0	0	0	0	0	0	0	0	0	0	0	0	0	0	0	0	0	0	0	0	0	0	0	0	0	0	0	0	0
Aminoglycoside|aac(3)-Xa	0	0	0	0	0	0	0	0	0	0	0	0	0	0	0	0	0	0	0	0	0	0	0	0	0	0	0	0	0	0	0	0	0	0	0	0	0	0	0	0	0	0	0	0	0	0	0	0	0	0	0	0	0	0	0	0	0	0	0	0	0	0	0	0	0	0	0	0
Amphenicol|catB3	0	0	0	0	0	0	0	0	0	0	0	0	0	0	0	0	0	0	0	0	0	0	0	0	0	0	0	0	0	0	0	0	0	0	0	0	0	0	0	0	0	0	0	0	0	0	0	0	0	0	0	0	0	0	0	0	0	0	0	0	0	0	0	0	0	0	0	0
Amphenicol|catB8	0	0	0	0	0	0	0	0	0	0	0	0	0	0	0	0	0	0	0	0	0	0	0	0	0	0	0	0	0	0	0	0	0	0	0	0	0	0	0	0	0	0	0	0	0	0	0	0	0	0	0	0	0	0	0	0	0	0	0	0	0	0	0	0	0	0	0	0
Amphenicol|ceoA	0	0	0	0	0	0	0	0	0	0	0	0	0	0	0	0	0	0	0	0	0	0	0	0	0	0	0	0	0	0	0	0	0	0	0	0	0	0	0	0	0	0	0	0	0	0	0	0	0	0	0	0	0	0	0	0	0	0	0	0	0	0	0	0	0	0	0	0
Amphenicol|cmlA1	0	0	0	0	0	0	0	0	0	0	0	0	0	0	0	0	0	0	0	0	0	0	0	0	0	0	0	0	0	0	0	0	0	0	0	0	0	0	0	0	0	0	0	0	0	0	0	0	0	0	0	0	0	0	0	0	0	0	0	0	0	0	0	0	0	0	0	0
Amphenicol|cmx(A)	0	0	0	0	0	0	0	0	0	0	0	0	0	0	0	0	0	0	0	0	0	0	0	0	0	0	0	0	0	0	0	0	0	0	0	0	0	0	0	0	0	0	0	0	0	0	0	0	1.72E-05	0	0	0	0	0	0	0	0	0	0	0	0	0	0	0	0	0	0	0
Amphenicol|catA1	0	0	0	0	0	0	0	0	0	0	0	0	0	0	0	0	0	0	0	0	0	0	0	0	0	0	0	0	0	0	0	0	0	0	0	0	0	0	0	0	0	0	0	0	0	0	0	0	0	0	0	0	0	0	0	0	0	0	0	0	0	0	0	0	0	0	0	0
Amphenicol|cmlA5	0	0	0	0	0	0	0	0	0	0	0	0	0	0	0	0	0	0	0	0	0	0	0	0	0	0	0	0	0	0	0	0	0	0	0	0	0	0	0	0	0	0	0	0	0	0	0	0	0	0	0	0	0	0	0	0	0	0	0	0	0	0	0	0	0	0	0	0
Amphenicol|cat	0	0	0	0	0	0	0	0	0	0	0	0	0	0	0	0	0	0	0	0	0	0	0	0	0	0	0	0	0	0	0	0	0	0	0	0	0	0	0	0	0	0	0	0	0	0	0	0	0	0	0	0	0	0	0	0	0	0	0	0	0	0	0	0	0	0	0	0
Amphenicol|catA2	0	0	0	0	0	0	0	0	0	0	0	0	0	0	0	0	0	0	0	0	0	0	0	0	0	0	0	0	0	0	0	0	0	0	0	0	0	0	0	0	0	0	0	0	0	0	0	0	0	0	0	0	0	0	0	0	0	0	0	0	0	0	0	0	0	0	0	0
Amphenicol|catA3	0	0	0	0	0	0	0	0	0	0	0	0	0	0	0	0	0	0	0	0	0	0	0	0	0	0	0	0	0	0	0	0	0	0	0	0	0	0	0	0	0	0	0	0	0	0	1.14E-06	0	0	0	0	0	0	0	0	0	0	0	0	0	0	0	0	0	0	0	0	0
Amphenicol|catB2	0	0	0	0	0	0	0	0	0	0	0	0	0	0	0	0	1.48E-06	0	6.35E-07	0	0	0	0	0	0	0	0	0	0	0	0	0	0	0	0	0	0	0	0	0	0	0	0	0	0	0	0	0	0	0	0	0	0	0	0	0	0	0	0	0	0	0	0	0	0	0	1.73E-05	0
Amphenicol|catB9	0	0	0	0	0	0	2.79E-06	3.53E-05	0	0	0	5.93E-07	0	0	0	0	0	0	4.09E-06	0	0	0	0	0	0	0	0	0	0	0	0	0	0	0	0	0	0	0	0	0	0	0	0	0	8.48E-06	0	0	0	0	0	0	0	0	0	0	1.20E-05	0	0	0	0	0	0	0	0	0	0	0	0
Amphenicol|cat(pC221)	0	0	0	0	0	0	0	0	0	0	0	0	0	0	0	0	0	0	0	0	0	0	0	0	0	0	0	0	0	0	0	0	0	0	0	0	0	0	0	0	0	0	0	0	0	0	0	0	0	0	0	0	0	0	0	0	0	0	0	0	0	0	0	0	0	0	0	0
Amphenicol|catP	0	0	0	0	0	0	0	0	0	0	0	0	0	0	0	0	0	0	0	0	0	0	0	0	0	0	0	0	0	0	0	0	0	0	0	0	0	0	0	0	0	0	0	0	0	0	0	0	0	0	0	0	0	0	0	0	0	0	0	0	0	0	0	0	0	0	0	0
Amphenicol|catQ	2.38E-06	0	0	0	0	0	0	0	0	0	0	0	0	0	0	0	0	0	0	0	0	0	2.40E-07	0	0	0	0	0	0	0	0	0	0	0	0	0	0	0	0	0	0	5.20E-06	0	0	0	0	0	0	2.74E-06	0	0	0	1.16E-06	0	0	0	0	0	0	2.02E-06	0	0	0	0	0	0	0	2.67E-06
Amphenicol|cmlV	3.15E-05	1.83E-06	6.07E-06	2.92E-05	4.18E-06	1.23E-05	3.78E-05	5.95E-05	1.33E-05	9.57E-06	2.14E-05	1.67E-05	2.02E-05	9.90E-06	2.27E-05	1.83E-05	1.90E-06	4.20E-05	1.65E-05	6.79E-06	1.30E-05	6.69E-05	1.56E-06	0.000111813	1.17E-05	7.90E-06	3.87E-06	2.17E-06	1.06E-06	2.34E-05	7.73E-06	8.80E-06	0	8.84E-05	0	0	0	2.67E-05	4.09E-05	0.000307556	5.67E-05	3.36E-05	1.93E-05	0	4.50E-05	2.87E-05	1.34E-05	0	1.41E-05	6.76E-06	0	1.81E-06	1.05E-05	1.13E-05	3.80E-06	2.45E-05	0	0	3.15E-06	0	8.37E-05	0	2.92E-06	0	1.20E-05	0	5.37E-05	0
Amphenicol|fexA	0	0	0	0	0	0	0	0	0	0	0	0	0	0	0	0	0	0	0	0	0	0	0	0	0	0	0	0	0	0	0	0	0	0	0	0	0	0	0	0	0	0	0	0	0	0	0	0	0	0	0	0	0	0	0	0	0	0	0	0	0	0	0	0	0	0	0	0
Amphenicol|floR	0	0	0	0	0	0	0	0	0	0	0	0	0	0	0	0	0	0	0	0	0	0	0	0	0	0	0	0	0	0	0	0	0.000111039	0	0	0	0	0	0	0	0	0	0	0	0	0	0	0	0	0	0	0	0	0	0	0	0	0	0	0	0	0	0	0	0	0	0	0
Amphenicol|optrA	0	0	0	0	0	0	0	0	0	0	0	0	0	0	0	0	0	0	0	0	0	0	0	0	0	0	0	0	0	0	0	0	0	0	0	0	0	0	0	0	0	0	0	0	0	0	0	2.59E-06	0	0	0	0	0	0	0	0	0	0	0	0	0	0	0	0	0	0	0	0
Beta_Lactam|cfiA	0	0	0	0	0	0	0	0	0	0	0	0	0	0	0	0	0	0	0	0	0	0	0	0	0	0	0	0	0	0	0	0	0	0	0	0	0	0	0	0	0	0	0	0	0	0	0	0	0	0	0	0	0	0	0	0	0	0	0	0	0	0	0	0	0	0	0	0
Beta_Lactam|blaACC-1	0	0	0	0	0	0	0	0	0	0	0	0	0	0	0	0	0	0	0	0	0	0	0	0	0	0	0	0	0	0	0	0	0	0	0	0	0	0	0	0	0	0	0	0	0	0	0	0	0	0	0	0	0	0	0	0	0	0	0	0	0	0	0	0	0	0	0	0
Beta_Lactam|blaMOX/blaCMY	0	0	0	0	0	0	0	0	0	0	0	0	0	0	0	0	0	0	0	0	0	0	0	0	0	0	0	0	0	0	0	0	0	0	0	0	0	0	0	0	0	0	0	0	0	0	0	0	0	0	0	0	0	0	0	0	0	0	0	0	0	0	0	0	0	0	0	0
Beta_Lactam|blaOCH	0	0	0	0	0	0	0	0	0	0	0	0	0	0	0	0	0	0	0	0	0	0	0	0	0	0	0	0	0	0	0	0	0	0	0	0	0	0	0	0	0	0	0	0	0	0	0	0	0	0	0	0	0	0	0	0	0	0	0	0	0	0	0	0	0	0	0	0
Beta_Lactam|blaPAO/PDC	0	0	0	0	0	0	0	0	0	0	0	0	0	0	0	0	0	0	0	0	0	0	0	0	0	0	0	0	0	0	0	0	0	0	0	0	0	0	0	0	0	0	0	0	0	0	0	0	0	0	0	0	0	0	0	0	0	0	0	0	0	0	0	0	0	0	0	0
Beta_Lactam|blaVEB	0	0	0	0	0	0	0	0	0	0	0	0	0	0	0	0	0	0	0	0	0	0	0	0	0	0	0	0	0	0	0	0	0	0	0	0	0	0	0	0	0	0	0	0	0	0	0	0	0	0	0	0	0	0	0	0	0	0	0	0	0	0	0	0	0	0	0	0
Beta_Lactam|bla1	0	0	0	0	0	0	0	0	0	0	0	0	0	0	0	0	0	0	0	0	0	0	0	0	0	0	0	0	0	0	0	0	0	0	0	0	0	0	0	0	0	0	0	0	0	0	0	0	0	0	0	0	0	0	0	0	0	0	0	0	0	0	0	0	0	0	0	0
Beta_Lactam|blaOKP	0	0	0	0	0	0	0	0	0	0	0	0	0	0	0	0	0	0	0	0	0	0	0	0	0	0	0	0	0	0	0	0	0	0	0	0	0	0	0	0	0	0	0	0	0	0	0	0	0	0	0	0	0	0	0	0	0	0	0	0	0	0	0	0	0	0	0	0
Beta_Lactam|blaROB	0	0	0	0	0	0	0	0	0	0	0	0	0	0	0	0	0	0	0	0	0	0	0	0	0	0	0	0	0	0	0	0	0	0	0	0	0	0	0	0	0	0	0	0	0	0	0	0	0	0	0	0	0	0	0	0	0	0	0	0	0	0	0	0	0	0	0	0
Beta_Lactam|blaOXY-2	0	0	0	0	0	0	0	0	0	0	0	0	0	0	0	0	0	0	0	0	0	0	0	0	0	0	0	0	0	0	0	0	0	0	0	0	0	0	0	0	0	0	0	0	0	1.45E-05	0	0	0	1.61E-06	0	0	0	0	0	0	0	0	0	0	0	0	0	0	0	0	0	0
Beta_Lactam|blaPSE	0	0	0	0	0	0	0	0	0	0	0	0	0	0	0	0	0	0	0	0	0	0	0	0	0	0	0	0	0	0	0	0	0	0	0	0	0	0	0	0	0	0	0	0	0	0	0	0	0	0	0	0	0	0	0	0	0	0	0	0	0	0	0	0	0	0	0	0
Beta_Lactam|cphA	0	0	0	0	0	0	0	0	0	0	0	0	0	0	0	0	0	0	0	0	0	0	0	0	0	0	0	0	0	0	0	0	0	0	0	0	0	0	0	0	0	0	0	0	0	0	0	0	0	0	0	0	0	0	0	0	0	0	0	0	0	0	0	0	0	0	0	0
Beta_Lactam|bla-L1	0	0	0	0	0	0	0	0	0	0	0	0	0	0	0	0	0	0	0	0	1.55E-06	0	0	0	0	0	0	0	0	0	0	0	0	0	0	0	0	0	0	0	0	0	0	0	0	0	0	0	0	0	0	0	0	0	0	0	0	0	0	0	0	0	0	0	0	0	0	0
Beta_Lactam|cfxA	0	2.68E-07	0	0	0	0	0	0	0	0	0	0	0	0	0	0	0	0	0	0	0	0	0	0	0	0	0	0	0	0	0	0	0	0	0	0	0	0	0	0	0	0	0	0	0	0	0	0	0	0	0	0	0	0	0	1.97E-06	0	0	0	0	0	0	0	0	0	0	0	0
Beta_Lactam|cepA	0	0	0	0	0	0	0	0	0	0	0	0	0	0	0	0	0	0	0	0	0	0	0	0	0	0	0	0	0	0	0	0	0	0	0	0	0	0	0	0	0	0	0	0	0	0	0	0	0	0	0	0	0	0	0	0	0	0	0	0	0	0	0	0	0	0	0	0
Beta_Lactam|blaCMY	0	0	0	0	0	0	0	0	0	0	0	0	0	0	0	0	0	0	0	0	0	0	0	0	0	0	0	0	0	0	1.05E-05	0	0	0	0	0	0	0	0	0	0	0	0	0	0	0	0	0	0	0	0	0	0	0	0	0	0	0	0	0	0	0	0	0	0	0	0	0
Beta_Lactam|ampC/blaDHA	0	0	0	0	0	0	0	0	0	0	0	0	0	0	0	0	0	0	0	0	0	0	0	0	0	0	0	0	0	0	0	0	0	0	0	0	0	0	0	0	0	0	0	0	0	0	0	0	0	0	0	0	0	0	0	0	0	0	0	0	0	0	0	0	0	0	0	0
Beta_Lactam|blaGES	0	0	0	0	0	0	0	0	0	0	0	0	0	0	0	0	0	0	0	0	0	5.63E-06	0	0	0	0	0	0	0	0	0	0	0	0	0	0	0	0	0	0	0	0	0	0	0	0	0	0	0	0	0	0	0	0	0	0	0	0	0	0	0	0	0	0	0	0	0	0
Beta_Lactam|blaSFO	0	0	0	0	0	0	0	0	0	0	0	0	0	0	0	0	0	0	0	0	0	0	0	0	0	0	0	0	0	0	0	0	0	0	0	0	0	0	0	0	0	0	0	0	0	0	0	0	0	0	0	0	0	0	0	0	0	0	0	0	0	0	0	0	0	0	0	0
Beta_Lactam|blaTLA	0	0	0	0	0	0	0	0	0	0	0	0	0	0	0	0	0	0	0	0	0	0	0	0	0	0	0	0	0	0	0	0	0	0	0	0	0	0	0	0	0	0	0	0	0	0	0	0	0	0	0	0	0	0	0	0	0	0	0	0	0	0	0	0	0	0	0	0
Beta_Lactam|blaZ	0	0	0	0	0	0	0	0	0	0	0	0	0	0	0	0	0	0	0	0	0	0	0	0	0	0	0	0	0	0	0	0	0	0	0	0	0	0	0	0	0	0	0	0	0	0	0	0	0	0	0	0	0	0	0	0	0	0	0	0	0	0	0	0	0	0	0	0
Beta_Lactam|blaVIM	0	0	0	0	0	0	0	0	0	0	0	0	0	0	0	0	0	0	0	0	0	0	0	0	0	0	0	0	0	0	0	0	0	0	0	0	0	0	0	0	0	0	0	0	0	0	0	0	0	0	0	0	0	0	0	0	0	0	0	0	0	0	0	0	0	0	0	0
Beta_Lactam|Pbp5	0	0	0	0	0	0	0	0	0	0	0	0	0	0	0	0	0	0	0	0	0	0	0	0	0	0	0	0	0	0	0	0	0	0	0	0	0	0	0	0	0	0	0	0	0	0	0	0	0	0	0	0	0	0	0	0	0	0	0	0	0	0	0	0	0	0	0	0
Beta_Lactam|pbp	0	0	0	0	0	0	0	0	0	0	0	0	0	0	0	0	0	0	0	0	0	0	0	0	0	0	0	0	0	0	0	0	0	0	0	0	0	0	0	0	0	0	0	0	0	0	0	0	0	0	0	0	0	0	0	0	0	0	0	0	0	0	0	0	0	0	0	0
Beta_Lactam|mecA	0	0	0	0	0	0	0	0	0	0	0	0	0	0	0	0	0	0	0	0	0	0	0	0	0	0	0	0	0	0	0	0	0	0	0	0	0	0	0	0	0	0	0	0	0	0	0	0	0	0	0	0	0	0	0	0	0	0	0	0	0	0	0	0	0	0	0	0
Beta_Lactam|blaCTX-M	0	0	0	0	0	0	0	0	0	0	0	0	0	0	0	0	0	0	0	0	0	0	0	0	0	0	0	0	0	0	0	0	0	0	0	0	0	0	0	0	0	0	0	0	0	0	0	0	0	0	0	0	0	0	0	0	0	0	0	0	0	0	0	0	0	0	0	0
Beta_Lactam|penA	0	0	0	0	0	0	0	0	0	0	0	0	0	0	0	0	0	0	0	0	0	0	0	0	0	0	0	0	0	0	0	0	0	0	0	0	0	0	0	0	0	0	0	0	0	0	0	0	0	0	0	0	0	0	0	0	0	0	0	0	0	0	0	0	0	0	0	0
Beta_Lactam|imp-marko	0	0	0	0	0	0	0	0	0	0	0	0	0	0	0	0	0	0	0	0	0	0	0	0	0	0	0	0	0	0	0	0	0	0	0	0	0	0	0	0	0	0	0	0	0	0	0	0	0	0	2.75E-06	0	0	0	0	0	0	0	0	0	0	0	0	0	0	0	0	0
Beta_Lactam|NDM new	0	0	0	0	0	0	0	0	0	0	0	0	0	0	0	0	0	0	0	0	0	0	0	0	0	0	0	0	0	0	0	0	0	0	0	0	0	0	0	0	0	0	0	0	0	0	0	0	0	0	0	0	0	0	0	0	0	0	0	0	0	0	0	0	0	0	0	0
Beta_Lactam|beta_ccra	0	0	0	0	0	0	0	0	0	0	0	0	0	3.11E-06	0	0	0	6.16E-06	0	0	2.44E-06	0	0	1.17E-05	0	0	0	0	0	0	0	0	0	0	0	0	0	0	0	0	0	0	0	0	0	0	0	0	0	0	0	0	0	0	0	0	0	0	0	0	0	0	0	0	0	0	0	0
Beta_Lactam|cefa_ampc	0	0	0	0	0	0	0	0	0	0	0	0	0	0	0	0	0	0	0	0	0	0	0	0	0	0	0	0	0	0	0	0	0	0	0	0	0	0	0	0	0	0	0	0	0	0	0	0	0	0	0	0	0	0	0	0	0	0	0	0	0	0	0	0	0	0	0	0
Beta_Lactam|bl1acc	0	0	0	0	0	0	0	0	0	0	0	0	0	0	0	0	0	0	0	0	0	0	0	0	0	0	0	0	0	0	0	0	0	0	0	0	0	0	0	0	0	0	0	0	0	0	0	0	0	0	0	0	0	0	0	0	0	0	0	0	0	0	0	0	0	0	0	0
"Beta_Lactam|blaCTX-M-1,3,15"	0	0	0	0	0	0	0	0	0	0	0	0	0	0	0	0	0	0	0	0	0	0	0	0	0	0	0	0	0	0	0	0	0	0	0	0	0	0	0	0	0	0	0	0	0	0	0	0	0	0	0	0	0	0	0	0	0	0	0	0	0	0	0	0	0	0	0	0
Beta_Lactam|blaSHV-11	0	0	1.54E-06	0	0	0	0	0	0	0	0	0	0	4.01E-07	0	0	0	0	2.39E-06	0	0	3.33E-06	0	0	0	0	0	0	0	0	0	0	0	0	0	0	0	0	0	0	0	0	1.02E-06	0	0	0	0	0	0	0	0	0	0	0	0	0	0	0	0	0	0	0	0	0	0	0	0	0
Beta_Lactam|bl3_cpha	0	0	0	0	0	0	0	0	0	0	0	0	0	0	0	0	0	0	0	0	0	0	0	0	0	0	0	0	0	0	0	0	0	0	0	0	0	0	0	0	0	0	0	0	0	0	0	0	0	0	0	0	0	0	0	0	0	0	0	0	0	0	0	0	0	0	0	0
"Beta_Lactam|blaB-11,13,14"	0	0	0	0	0	0	0	0	0	0	0	0	0	0	0	0	0	0	0	4.81E-07	0	0	0	3.73E-06	0	0	0	0	0	0	0	0	0	0	0	0	0	0	0	0	0	0	0	1.73E-06	0	0	0	0	0	0	0	0	0	0	0	0	0	0	0	0	0	0	0	0	0	0	0	0
Beta_Lactam|blaIND	0	0	0	0	0	0	0	0	0	0	0	0	0	0	0	0	0	0	0	0	0	0	0	0	0	0	0	0	0	0	0	0	0	0	0	0	0	0	0	0	0	0	0	0	0	0	0	0	0	0	0	0	0	0	0	0	0	0	0	0	0	0	0	0	0	0	0	0
Beta_Lactam|blaLEN	0	0	0	0	0	0	0	0	0	0	0	0	0	0	0	0	0	0	0	0	0	0	0	0	0	0	0	0	0	0	0	0	0	0	0	0	0	0	0	0	0	0	0	0	0	0	0	0	0	0	0	0	0	0	0	0	0	0	0	0	0	0	0	0	0	0	0	0
Beta_Lactam|blaOXY-1	6.97E-06	6.52E-07	0	0	5.78E-07	0	4.47E-06	5.98E-06	2.01E-06	4.52E-07	2.46E-06	0	0	8.56E-06	0	4.42E-06	1.11E-06	6.24E-06	6.48E-06	0	1.40E-06	0	3.75E-06	7.41E-06	0	0	0	0	0	0	2.94E-06	5.31E-06	0	1.02E-05	0	0	0	7.38E-06	0	1.84E-05	2.41E-05	1.16E-05	0	1.29E-05	0	1.12E-05	0	0	2.48E-06	0	0	1.94E-06	0	0	5.33E-07	0	0	1.47E-05	0	7.55E-06	1.31E-05	0	0	0	3.19E-06	5.70E-06	1.08E-05	6.64E-06
Beta_Lactam|bla-SME	0	0	0	0	0	0	0	0	0	0	0	0	0	0	0	0	0	0	0	0	0	0	0	0	0	0	0	0	0	0	0	0	0	0	0	0	0	0	0	0	0	0	0	0	0	0	0	0	0	0	0	0	0	0	0	0	0	0	0	0	0	0	0	0	0	0	0	0
Beta_Lactam|blaCARB	0	0	0	0	0	0	0	0	0	0	0	0	0	0	0	0	0	0	0	0	0	0	0	0	0	0	0	0	0	0	0	0	0	0	0	0	0	0	0	0	0	0	0	0	0	0	0	0	0	0	0	0	0	0	0	0	0	0	0	0	0	0	0	0	0	0	0	0
Beta_Lactam|blaGOB	0	0	2.31E-06	0	0	0	0	0	0	0	0	0	0	4.04E-07	0	0	0	0	0	0	0	0	0	0	0	0	0	0	0	0	0	0	0	0	0	0	0	0	0	0	0	0	0	0	0	0	0	0	0	0	0	0	0	0	0	0	0	0	0	0	0	1.30E-06	5.29E-06	0	0	0	0	0
Beta_Lactam|blaHERA	0	0	0	0	0	0	0	0	0	0	0	0	0	0	0	0	0	0	0	0	0	0	0	0	0	0	0	0	0	0	0	0	0	0	0	0	0	0	0	0	0	0	0	0	0	0	0	0	0	0	0	0	0	0	0	0	0	0	0	0	0	0	0	0	0	0	0	0
Beta_Lactam|blaMIR	0	0	0	0	0	0	0	0	0	0	0	0	0	0	0	0	0	0	0	0	0	0	0	0	0	0	0	0	0	0	0	0	0	0	0	0	0	0	0	0	0	0	0	0	0	0	0	0	0	0	0	0	0	0	0	0	0	0	0	0	0	0	0	0	0	0	0	0
Beta_Lactam|blaFOXnew	0	0	0	0	0	0	0	0	0	0	0	0	0	0	0	0	0	0	0	0	0	0	0	0	0	0	0	0	0	0	0	0	0	0	0	0	0	0	0	0	0	0	0	0	0	0	0	0	0	0	0	0	0	0	0	0	0	0	0	0	0	0	0	0	0	0	0	0
Beta_Lactam|nonmobile_blaADC	0	0	0	0	0	0	0	0	0	0	0	0	0	0	0	0	0	0	0	0	0	0	0	0	0	0	0	0	0	0	0	0	0	0	0	0	0	0	0	0	0	0	0	0	0	0	0	0	0	0	0	0	0	0	0	0	0	0	0	0	0	0	0	0	0	0	0	0
Beta_Lactam|nonmobile blaBEL	0	0	0	2.16E-06	0	0	0	1.48E-05	0	0	0	0	0	0	0	0	0	0	0	0	0	0	0	0	0	0	0	0	0	0	0	0	0	0	0	0	0	0	0	1.98E-05	0	1.48E-06	0	0	0	0	0	0	0	0	0	0	0	0	0	0	0	0	0	0	0	0	0	0	0	0	0	0
Beta_Lactam|blaIMI	0	0	0	0	0	0	0	0	0	0	0	0	0	0	0	0	0	0	0	0	0	0	0	0	0	0	0	0	0	0	0	0	0	0	0	0	0	0	0	0	0	0	0	0	0	0	0	0	0	0	0	0	0	0	0	0	0	0	0	0	0	0	0	0	0	0	0	0
Beta_Lactam|ampC	0	0	0	0	0	0	0	0	0	0	0	0	0	0	0	0	0	0	0	0	3.32E-06	0	0	0	0	0	0	0	0	0	0	0	0	0	0	0	0	0	0	0	0	0	0	0	0	0	0	0	0	0	0	0	0	0	0	0	0	0	0	0	0	0	0	0	0	0	0	0
Beta_Lactam|blaOXA10	0	0	0	0	0	0	0	0	0	0	0	0	0	0	0	0	0	0	0	0	0	0	0	0	0	0	0	0	0	0	0	0	0	0	0	0	0	0	0	0	0	0	0	0	0	0	0	0	0	0	0	0	0	0	0	0	0	0	0	0	0	0	0	0	0	0	0	0
Beta_Lactam|blaIMIR	0	0	0	0	0	0	0	0	0	0	0	0	0	0	0	0	0	0	0	0	0	0	0	0	0	0	0	0	0	0	0	0	0	0	0	0	0	0	0	0	0	0	0	0	0	0	0	0	0	0	0	0	0	0	0	0	0	0	0	0	0	0	0	0	0	0	0	0
Beta_Lactam|blaTEM	0	0	0	0	0	0	0	0	0	0	0	0	0	0	0	0	0	0	0	0	0	0	0	0	0	0	0	0	0	0	0	0	0	0	0	0	0	0	0	0	0	0	0	0	0	0	0	0	0	0	0	0	0	0	0	0	0	0	0	0	0	0	0	0	0	0	0	0
Beta_Lactam|blaPER	0	0	0	0	0	0	0	0	0	0	0	0	0	0	0	0	0	0	0	0	0	0	0	0	0	0	0	0	0	0	0	0	0	0	0	0	0	0	0	0	0	0	0	0	0	0	0	0	0	0	0	0	0	0	0	0	0	0	0	0	0	0	0	0	0	0	0	0
Beta_Lactam|KPC BOB	0	0	0	0	0	0	0	0	0	0	0	0	0	0	0	0	0	0	0	0	0	0	0	0	0	0	0	0	0	0	0	0	0	0	0	0	0	0	0	0	0	0	0	0	0	0	0	0	0	0	0	0	0	0	0	0	0	0	0	0	0	0	0	0	0	0	0	0
Beta_Lactam|bla-ACT	0	0	0	0	0	0	0	0	0	0	0	0	0	0	0	0	0	0	0	0	0	0	0	0	0	0	0	0	0	0	0	0	0	0	0	0	0	0	0	0	0	0	0	0	0	0	0	0	0	0	0	0	0	0	0	0	0	0	0	0	0	0	0	0	0	0	0	0
Fluoroquinolone|qnrA	0	0	0	0	0	0	0	0	0	0	0	0	0	0	0	0	0	0	0	0	0	0	0	0	2.29E-05	0	0	0	0	0	8.95E-05	0	3.10E-05	0	0	0	0.000221584	0.000587539	0.000281964	0	0.000212933	0	0	2.49E-06	1.08E-05	0.000275107	2.24E-06	0	8.46E-05	8.39E-05	0	0	8.90E-05	1.86E-05	0	1.09E-05	0	0	9.39E-06	0	0	0	0	0	0	0	0	0
Fluoroquinolone|qnrB-bob_redesign	0	0	0	0	0	0	0	0	0	0	0	0	0	0	0	0	0	0	0	0	0	0	0	0	0	0	0	0	0	0	0	0	0	0	0	0	0	0	0	0	0	0	0	0	0	0	0	0	0	0	0	0	0	0	0	0	0	0	0	0	0	0	0	0	0	0	0	0
Fluoroquinolone|norA	0	0	0	0	0	0	0	0	0	0	0	0	0	0	0	0	0	0	0	0	0	0	0	0	0	0	0	0	0	0	0	0	0	0	0	0	0	0	0	0	0	0	0	0	0	0	0	0	0	0	0	0	0	0	0	0	0	0	0	0	0	0	0	0	0	0	0	0
Fluoroquinolone|qepA_1_2	0	0	4.89E-07	0	0	0	0	8.99E-06	3.67E-07	0	0	6.77E-07	0	5.65E-07	0	0	0	0	0	0	0	0	3.67E-07	0	0	0	0	0	6.71E-07	0	1.60E-06	0	0	0	0	0	0	0	0	0	0	0	0	0	0	7.39E-06	0	0	2.05E-06	0	0	0	0	0	5.98E-07	0	0	0	1.79E-06	2.38E-06	0	2.78E-06	2.48E-06	0	1.14E-06	0	3.77E-05	0
Fluoroquinolone|QnrB4	0	0	0	0	0	0	0	0	0	0	0	0	0	0	0	0	0	0	0	0	0	0	0	0	0	0	0	0	0	0	0	0	0	0	0	0	0	0	0	0	0	0	0	0	0	0	0	0	0	0	0	0	0	0	0	0	0	0	0	0	0	0	0	0	0	0	0	0
Fluoroquinolone|QnrS1_S3_S5	0	0	0	0	0	0	0	0	0	0	0	0	0	0	0	0	0	0	0	0	0	0	0	0	0	0	0	0	0	0	0	0	0	0	0	0	0	0	0	0	0	0	0	0	0	0	0	0	0	0	0	0	0	0	0	0	0	0	0	0	0	0	0	0	0	0	0	0
Fluoroquinolone|QnrVC1_VC3_VC6	0	0	0	0	0	0	0	0	0	0	0	0	0	0	0	0	0	0	0	0	0	0	0	0	0	0	0	0	0	0	0	0	0	0	0	0	0	0	0	0	0	0	0	0	0	0	0	0	0	0	0	0	0	0	0	0	0	0	0	0	0	0	0	0	0	0	0	0
Fluoroquinolone|QnrVC4_VC5_VC7	0	0	0	0	0	0	0	0	0	0	0	0	0	0	0	0	0	0	0	0	0	0	0	0	0	0	0	0	0	0	0	0	0	0	0	0	0	0	0	0	0	0	0	0	0	0	0	0	0	0	0	0	0	0	0	0	0	0	0	0	0	0	0	0	0	0	0	0
Fluoroquinolone|qnrD	0	0	0	0	0	0	0	0	0	0	0	0	0	0	0	5.97E-06	0	0	0	0	0	0	1.97E-06	0	0	0	0	0	0	0	0	0	0	0	0	0	0	0	0	0	0	0	0	0	0	0	0	0	0	0	0	0	0	0	0	0	0	0	0	0	0	0	0	0	0	0	0	0
Fluoroquinolone|qnrS2	0	0	0	0	0	0	0	0	0	0	0	0	0	0	0	0	0	0	0	0	0	0	0	0	0	0	0	0	0	0	0	0	0	0	0	0	0	0	0	0	0	0	0	0	0	0	0	0	0	0	0	0	0	0	0	0	0	0	0	0	0	0	0	0	0	0	0	0
Fluoroquinolone|oqxA	0	0	0	0	0	0	0	0	0	0	0	0	0	0	0	0	0	0	0	0	0	0	0	0	0	0	0	0	0	0	0	0	0	0	0	0	0	0	0	0	0	0	0	0	0	0	0	0	0	0	0	0	0	0	0	0	0	0	0	0	0	0	0	0	0	0	0	0
"Fluoroquinolone|qnrB46,47,48"	0	0	0	0	0	0	0	0	0	0	0	0	0	0	0	0	0	0	0	0	0	0	0	0	0	0	0	0	0	0	0	0	0	0	0	0	0	0	0	0	0	0	0	0	0	0	0	0	0	0	0	0	0	0	0	0	0	0	0	0	0	0	0	0	0	0	0	0
MDR|acrB	0	0	0	0	0	0	0	0	0	0	0	0	0	0	0	0	0	0	0	0	0	0	0	0	0	0	0	0	0	0	7.95E-05	0	7.55E-05	0	0	0	0	0	0	0	4.90E-05	0	0	0	1.36E-05	0	0	0	0	0	0	0	2.38E-06	0	0	0	0	0	0	0	0	0	0	0	0	0	0	0
MDR|acrF	0	0	0	0	0	0	0	0	0	0	0	0	0	0	0	0	0	0	0	0	0	0	0	0	0	0	0	0	0	0	9.41E-05	1.12E-05	0	0	0	0	0	0	0	0	0.000103755	0	0	0	2.48E-05	0	0	0	0	1.01E-05	0	0	0	0	0	0	0	0	0	0	0	0	0	0	0	0	0	0
MDR|adeA	0	0	0	0	0	0	0	0	0	0	0	0	0	0	0	0	0	0	0	0	0	0	0	0	0	0	0	0	0	0	0	0	0	0	0	0	0	0	0	0	0	3.92E-06	0	0	0	0	0	0	0	0	0	0	0	0	0	0	0	0	0	0	0	0	0	0	0	0	0	0
MDR|Multidrug resistance protein	0	0	0	0	0	0	0	0	0	0	0	0	0	0	0	0	0	0	0	0	0	0	0	0	0	0	0	0	0	0	0	0	0	0	0	0	0	0	0	0	0	0	0	0	0	0	0	0	0	0	0	0	0	0	0	0	0	0	0	0	0	0	0	0	0	0	0	0
MDR|cmr	0	0	0	0	0	0	0	0	0	0	0	0	0	0	0	0	0	0	0	0	0	0	0	0	0	0	0	0	0	0	0	0	0	0	0	0	0	0	0	0	0	0	0	0	0	0	0	0	0	0	0	0	0	0	0	0	0	0	0	0	0	0	0	0	0	0	0	0
MDR|acrA	0	0	0	0	0	0	0	0	0	0	0	0	0	0	0	0	0	0	0	0	0	0	0	0	0	0	0	0	0	0	0.000102428	0	0	0	0	0	0	0	0	0	5.63E-05	0	0	0	4.47E-05	0	0	0	0	0	0	0	2.59E-06	0	0	0	0	0	0	0	0	0	0	0	0	0	0	0
MDR|emrD	0	2.39E-05	0	0	0	0	0	4.65E-05	0	0	2.27E-05	0	0	0	8.60E-05	0	2.40E-06	0	0	9.72E-06	1.07E-06	0	0	0	0	9.55E-06	0	3.89E-06	1.83E-06	0	0	0	0	0	0	0	0	0	0	0.001130042	0.000144504	0.000160359	0	0	3.72E-05	0	6.39E-05	0	0	3.19E-05	0	0	0.000159267	5.01E-05	8.10E-06	8.59E-06	0	0	3.30E-05	0	0	0	6.93E-06	0	0	0	0	2.83E-05
MDR|mdtE/yhiU	0	0	0	0	0	0	0	0	0	0	0	0	0	0	0	0	0	0	0	0	0	0	0	0	0	0	0	0	3.10E-06	0	0.000125207	7.42E-05	0	0	0	0	0	0	8.08E-05	0	0.000173821	0	0	0	3.30E-05	0	0	0	0	0	0	0	0	0	0	0	0	0	0	0	0	0	0	0	0	0	0	0
MDR|mexA	0	0	0	0	0	0	0	0	0	0	0	0	0	0	0	0	0	0	0	0	0	0	0	0	0	0	0	0	0	0	0	0	0	0	0	0	0	0	0	0	0	0	0	0	0	0	0	0	0	0	0	0	0	0	0	0	0	0	0	0	0	0	0	0	0	0	0	0
MDR|nimE	0	0	0	0	6.64E-07	0	0	0	0	0	0	0	0	0	0	0	0	0	0	0	0	0	0	0	0	0	0	0	0	0	0	0	0	0	0	0	0	0	0	0	0	0	0	0	0	0	0	0	0	3.79E-06	0	0	0	0	0	0	0	0	0	0	0	0	0	0	0	0	0	0
MDR|emrB/qacA	0	0	0	0	0	0	0	1.74E-05	0	0	0	0	0	1.39E-06	0	0	0	0	0	0	0	0	0	0	0	0	0	0	0	0	0	0	0	0	0	0	0	0	0	0	0	0	0	0	0	0	0	0	0	0	0	0	0	0	1.90E-06	0	0	0	0	0	0	0	0	0	0	0	0	0
MDR|mtrE	0	0	0	0	0	0	0	0	0	1.75E-06	0	0	0	0	4.02E-06	0	0	0	0	3.39E-07	0	0	0	0	0	0	0	0	0	0	0	0	0	1.74E-05	0	0	0	2.34E-06	0	0	0	0	0	0	0	0	0	0	0	0	0	0	0	0	0	0	0	0	0	0	0	0	0	0	0	0	0	0
MDR|oprD	0	0	0	0	0	0	0	0	0	0	0	0	0	0	0	0	0	0	0	0	0	0	0	0	0	0	0	0	0	0	0	0	0	0	0	0	0	0	0	0	0	0	0	0	0	0	0	0	0	0	0	0	0	0	0	0	0	0	0	0	0	0	0	0	0	0	0	0
MDR|ttgA	0	0	0	0	0	0	0	0	0	0	0	0	0	0	0	0	0	0	0	0	0	0	0	0	0	0	0	0	0	0	0	0	0	0	0	0	0	0	0	0	0	0	0	0	0	0	0	0	0	0	0	0	0	0	0	0	0	0	0	0	0	0	0	2.68E-06	1.18E-06	0	0	0
MDR|mepA	0	0	0	0	0	0	0	0	0	0	0	0	0	0	0	0	0	0	0	0	0	0	0	0	0	0	0	0	0	0	0	0	0	0	0	0	0	0	0	0	0	0	0	0	0	0	0	0	0	0	0	0	0	0	0	0	0	0	0	0	0	0	0	0	0	0	0	0
MDR|mexE	0	0	0	0	0	0	0	0	0	0	0	0	0	0	0	0	0	0	0	0	0	0	0	0	0	0	0	0	0	0	0	0	0	0	0	0	0	0	0	0	0	0	0	0	0	0	0	0	0	0	0	0	0	0	0	0	0	0	0	0	0	0	0	0	0	0	0	0
MDR|mtrD	0	1.85E-05	0	0	0	0	1.14E-05	3.19E-05	0	0	0	0	0	0	0	0	7.08E-07	0	0	5.27E-06	3.88E-06	7.88E-06	0	0	0	0	0	3.20E-06	0	0	0	0	0	0	0	0	0	0	0	0.000124544	0.000183564	4.30E-05	0	0	2.60E-05	0	3.17E-05	0	0	0	1.84E-06	0	0	3.29E-05	0	9.21E-06	0	0	2.69E-05	0	0	0	0	0	0	0	0	0
MDR|tolC	0	0	0	0	0	0	0	0	0	0	0	0	0	0	7.55E-07	0	0	0	0	0	0	0	0	0	0	0	0	0	0	0	0.000122693	0	0	0	0	0	0	0	4.59E-05	0	0.000241277	2.88E-06	0	0	2.36E-05	0	0	0	0	2.89E-05	0	0	0	4.48E-07	0	0	0	0	0	0	0	0	0	0	0	0	0	0
MDR|merA-marko	0	0	0	0	0	0	0	0	0	0	0	0	0	0	0	0	0	0	0	0	0	0	0	0	0	0	0	0	0	0	0	0	0	0	0	0	0	0	0	0	0	0	0	0	1.82E-06	0	0	0	0	0	0	0	0	0	0	0	0	0	0	0	0	0	0	0	0	0	0	0
MDR|marR	7.83E-06	1.56E-05	0	0	0	0	5.37E-06	0	0	0	2.94E-05	0	0	0	7.51E-05	0	1.39E-06	0	0	7.07E-07	3.22E-06	1.78E-05	0	0	0	1.57E-05	0	7.67E-06	1.01E-06	0	5.06E-06	3.80E-05	0	0	0	0	0	2.67E-05	0	0.000500025	6.82E-05	0.00021578	1.55E-05	0	1.74E-05	1.39E-05	3.08E-05	0	0	6.00E-06	7.96E-06	0	9.07E-05	3.20E-05	4.87E-06	1.34E-05	0	0	2.29E-05	6.95E-06	0	0	0	0	0	0	0	0
MDR|mdth	0	0	0	0	0	0	0	0	0	0	0	0	0	0	0	0	0	0	0	0	0	0	0	0	0	0	0	0	0	0	4.18E-05	0	0	0	0	0	0	2.41E-06	0	0	0	0	0	0	1.46E-05	0	0	0	0	0	0	0	0	0	0	0	0	0	0	0	0	0	0	0	0	0	0	0
MDR|cefa_qacEdelta	0	0	0	0	0	0	0	0	0	0	0	0	0	0	0	0	0	0	0	0	0	0	0	0	0	0	0	0	0	0	0	0	0	0	0	0	0	0	0	0	0	0	0	0	0	0	0	0	0	0	0	0	0	0	0	0	0	0	0	0	0	0	0	0	0	0	0	0
MDR|mdtg	0	0	0	0	0	0	0	0	0	0	0	0	0	0	0	0	0	0	0	0	0	0	0	0	0	0	0	0	0	0	0	0	0	0	0	0	0	0	0	0	0	0	0	0	0	0	0	0	0	0	0	0	0	0	0	0	0	0	0	0	0	0	0	0	0	0	0	0
MDR|pcoA	0	0	0	0	0	0	0	0	0	0	0	0	0	0	0	6.47E-07	0	0	0	0	0	0	0	0	0	0	0	0	0	0	0	0	0	0	0	0	0	0	0	0	0	0	0	0	0	0	0	0	0	0	0	0	0	0	0	0	0	0	0	0	0	0	0	0	0	0	0	0
MDR|silE	0	0	0	0	0	0	0	0	0	0	0	0	0	0	0	0	0	0	0	0	0	0	0	0	0	0	0	0	0	0	0	0	0	0	0	0	0	0	0	0	0	0	0	0	0	0	0	0	0	0	0	0	0	0	0	0	0	0	0	0	0	0	0	0	0	0	0	0
MDR|arsA	0	0	0	0	0	0	0	0	0	0	0	0	0	0	0	0	0	0	0	0	0	0	0	0	0	0	0	0	0	0	3.32E-06	0	0	0	0	0	0	0	0	0	0	0	3.40E-06	0	0	0	0	0	0	0	0	0	0	0	0	0	0	0	0	0	0	0	0	0	0	0	0	0
MDR|qacA/B	3.24E-06	1.28E-06	0	0	0	9.69E-06	0	0	0	0	0	0	0	0	0	0	0	0	0	1.23E-06	0	0	0	0	0	0	0	0	0	0	0	2.29E-05	0	1.89E-05	0	0	0	0	0	0	0	7.61E-06	0	0	1.37E-05	8.00E-06	0	0	0	0	0	0	0	0	0	0	0	0	0	0	0	0	8.15E-06	0	0	0	0	0
MDR|qacF/H	0	0	0	0	0	0	0	0	0	0	0	0	0	0	0	0	0	0	0	0	0	0	0	0	0	0	0	0	0	0	0	0	0	0	0	0	0	0	0	0	0	0	0	0	0	0	0	0	0	0	0	0	0	0	0	0	0	0	0	0	0	0	0	0	0	0	0	0
MDR|bexA/norM	3.58E-05	8.89E-07	0	9.57E-06	2.60E-06	0	0	2.23E-05	3.48E-06	0	2.06E-06	2.00E-06	1.61E-06	9.79E-06	0	0	0	7.49E-07	0	0	0	2.18E-06	5.01E-06	0	0	0	1.99E-06	3.39E-07	0	0	1.89E-06	0	0	5.95E-06	0	0	0	0	0	0	0	0	0	0	0	0	9.18E-07	2.05E-06	0	0	4.96E-07	3.09E-06	4.71E-06	0	1.02E-05	6.86E-06	0	0	4.35E-06	6.52E-05	0	0	0	0	0	0	0	0
MDR|mdtA	0	0	0	0	0	0	0	0	0	0	0	0	0	0	0	0	0	0	0	0	0	0	0	0	0	0	0	0	0	0	8.81E-05	0	0	0	0	0	0	0	5.45E-06	0	2.58E-05	0	0	0	0	0	0	0	0	0	0	0	0	0	0	0	0	0	0	0	0	0	0	0	0	0	0	0
MDR|copA	0	0	0	0	0	0	0	0	0	0	0	0	0	0	0	0	0	0	0	0	0	0	0	0	0	0	0	0	0	0	0	0	0	0	0	0	0	0	0	0	0	0	0	0	0	0	0	0	0	0	0	0	0	0	0	0	0	0	0	0	0	0	0	0	0	0	0	0
MDR|czcA	0.000165994	4.08E-05	6.64E-05	0	8.24E-05	0	0.000178346	0	7.83E-05	0	0.000153953	5.39E-05	0.00022745	0.000125182	0.000204842	0.000201579	4.62E-05	0.000253328	0.000137285	4.76E-05	9.15E-05	0.000550247	5.85E-05	0.000480325	0.000110296	0.000162532	3.81E-05	2.39E-05	2.45E-05	0.000122976	2.68E-05	0.000294717	0	0.001171097	0	0	0	0.000175837	0.000215652	0.001644618	0.000790355	0.000332191	9.56E-05	0	0.000363638	0.000450322	7.51E-05	0.000234407	0.000311334	0.000339093	9.61E-05	0.000128443	0.000106204	0.000105939	5.06E-05	0.000292511	0.000137376	0.000588717	0.000144217	0.000244463	0.001300658	8.60E-05	0.000153618	0.000206818	0.000239601	0.001313642	0.001098842	0.000726728
MDR|sugE	0	2.25E-07	0	0	0	9.50E-07	0	0	0	0	0	0	0	0	0	0	0	0	0	0	0	0	0	0	0	0	0	0	0	0	0	0	0	0	0	0	0	0	0	0	0	0	0	0	0	0	0	0	0	0	0	0	0	0	0	0	0	4.87E-06	5.45E-05	0	0	0	0	0	0	0	0	2.07E-05
MDR|tcrB	0	0	0	0	0	0	0	6.30E-06	0	0	0	1.12E-06	0	0	0	0	0	0	0	0	0	0	4.60E-07	0	0	0	0	0	0	0	0	0	0	0	0	0	0	0	0	0	0	0	0	0	0	0	0	0	1.81E-06	0	0	0	0	0	0	0	6.17E-07	0	0	0	0	0	0	0	0	0	0	0
MDR|terW	0	0	0	0	0	0	0	0	0	0	0	0	0	0	0	0	0	0	0	0	0	0	0	0	0	0	0	0	0	0	0	0	0	0	0	0	0	0	0	0	0	0	0	0	0	0	0	0	0	0	0	0	0	0	0	0	0	0	0	0	0	0	0	0	0	0	0	0
MDR|pbrT	0	0	0	0	0	0	0	0	0	0	0	0	0	0	0	0	0	0	0	0	0	0	0	0	0	0	0	0	0	0	0	0	0	0	0	0	0	0	0	0	0	0	0	0	0	0	0	0	0	0	0	0	0	0	0	0	0	0	0	0	0	0	0	0	0	0	0	0
MDR|cadC	0	0	0	0	0	0	0	0	0	0	0	0	0	0	0	0	0	0	0	0	0	0	0	0	0	0	0	0	0	0	0	0	0	0	0	0	0	0	0	0	0	0	0	0	0	0	0	0	0	0	0	0	0	0	0	0	0	0	0	0	0	0	0	0	0	0	0	0
MDR|adeI	0	0	0	0	0	0	0	0	0	0	0	0	0	0	0	0	0	0	0	0	0	0	0	0	0	0	0	0	0	0	0	0	0	0	0	0	0	0	0	0	0	0	0	0	0	0	0	0	0	0	0	0	0	0	0	0	0	0	0	0	0	0	0	0	0	0	0	0
MGEs|Tp614	0	0	0	0	0	0	0	0	0	0	0	0	0	0	0	0	0	0	0	0	0	0	0	0	0	0	0	0	0	0	0	0	0	0	0	0	0	0	0	0	0	0	0	0	0	0	0	0	0	0	0	0	0	0	0	0	0	0	0	0	0	0	0	0	0	0	0	0
MGEs|IS613	0	0	0	0	0	0	0	0	0	0	0	0	0	0	0	0	0	0	0	0	0	0	0	0	0	0	0	0	0	0	0	0	0	0	0	0	0	0	0	0	0	0	0	0	0	0	0	0	0	0	0	0	0	0	0	0	0	0	0	0	0	0	0	0	0	0	0	0
MGEs|tnpA	0	0	0	0	0	0	0	0	0	0	0	0	0	0	0	0	0	0	0	0	0	0	0	0	0	0	0	0	0	0	0	0	0	0	0	0	0	0	0	0	0	0	0	0	0	0	0	0	0	0	0	0	0	0	0	0	0	0	0	0	0	0	0	0	0	0	0	0
MGEs|tnpA	0	0	0	0	0	0	0	0	2.77E-06	0	0	0	0	0	0	0	0	0	0	0	0	1.01E-05	4.80E-07	0	0	0	0	0	0	0	0	0	0	0	0	0	0	0	0	0	0	0	0	0	0	0	0	0	9.49E-06	1.87E-05	0	0	0	0	0	0	0	0	0	0	0	0	0	0	0	0	0	0
MGEs|tnpA	0	0	0	0	0	0	0	0	0	0	0	0	0	0	0	0	0	0	0	0	0	0	0	0	0	0	0	0	0	0	0	0	0	0	0	0	0	0	0	0	0	0	1.68E-06	0	0	0	0	0	0	0	0	0	0	0	0	0	0	0	0	0	0	0	0	0	0	0	0	0
MGEs|tnpA	0	0	0	0	0	0	0	0	0	0	0	0	0	0	0	0	0	0	0	0	0	0	0	0	0	0	0	0	0	0	0	0	0	0	0	0	0	0	0	0	0	0	0	0	0	0	0	0	0	0	0	0	0	0	0	0	0	0	0	0	0	0	0	0	0	0	0	0
MGEs|tnpA	0	0	0	0	0	0	0	0	0	0	0	0	0	0	0	0	0	0	0	0	0	0	0	0	0	0	0	0	0	0	0	0	0	0	0	0	0	0	0	0	0	0	0	0	0	0	0	0	0	0	0	0	0	0	0	0	0	0	0	0	0	0	0	0	0	0	0	0
MGEs|tnpA	0	0	0	0	0	0	0	0	0	0	0	0	0	0	0	0	0	0	0	0	0	0	0	0	0	0	0	0	0	0	0	0	0	0	0	0	0	0	0	0	0	0	0	0	0	0	0	0	0	0	0	0	0	0	0	0	0	0	0	0	0	0	0	0	0	0	4.15E-05	0
MGEs|tnpA	0	0	0	0	0	0	0	0	0	0	0	0	0	0	0	0	0	0	0	0	0	0	0	8.24E-06	0	0	0	0	0	0	0	0	0	0	0	0	0	0	0	0	0	0	0	0	0	0	0	0	0	0	0	0	0	0	0	0	0	0	0	0	0	0	0	0	0	0	0	0
MGEs|int1-a-marko	0	0	0	0	0	0	0	0	0	0	0	0	0	0	0	5.31E-06	0	0	0	0	0	1.57E-05	0	0	0	0	0	0	0	0	0	0	0	0	0	0	0	0	0	3.14E-05	0	0	0	0	0	1.72E-05	2.30E-06	5.69E-06	0	0	0	0	3.81E-06	0	0	1.04E-05	0	0	4.35E-06	0	0	0	0	0	0	0	0	0
MGEs|intl2	0	0	0	0	0	0	0	0	0	0	0	0	0	0	0	0	0	0	0	0	0	0	0	0	0	0	0	0	0	0	0	0	0	0	0	0	0	0	0	0	0	0	0	0	0	0	0	0	0	0	0	0	0	0	0	0	0	0	0	0	0	0	0	0	0	0	0	0
MGEs|IncN_rep	4.07E-06	0	0	0	0	0	0	0	0	0	0	0	0	0	0	0	0	0	0	0	0	0	0	0	0	0	0	0	0	0	0	0	0	0	0	0	0	0	0	0	0	0	0	0	0	0	0	5.25E-06	0	0	0	0	0	0	1.22E-06	0	0	0	0	0	8.84E-06	0	0	0	0	2.11E-05	0	0
MGEs|IncP_oriT	0.00011265	2.44E-06	0	0	0	3.39E-05	0	0.000202296	0	2.11E-06	2.83E-05	0	1.59E-05	1.14E-05	0	0	0	0	0	0	0.000203977	0	7.56E-07	0	0	6.50E-05	0	0	1.37E-05	0	6.12E-05	0	0.000128213	1.79E-05	3.82E-05	0	0.000156354	6.79E-06	0.00020727	0.000275967	2.37E-05	2.30E-05	0.000134162	0	2.25E-05	2.79E-05	0.000128755	8.32E-06	1.04E-05	2.41E-05	1.11E-06	3.85E-06	5.18E-05	1.52E-05	0	0	0	0	7.31E-06	1.67E-05	0	0	0	0	0	0	0	0
MGEs|IncQ_oriT	0	0	0	0	0	0	0	0	0	0	0	0	0	0	0	0	0	0	0	0	0	0	0	0	0	0	0	0	0	0	0	0	0	0	0	0	0	0	0	0	0	0	0	0	0	0	0	0	0	0	0	0	0	0	0	0	0	0	0	0	0	0	0	0	0	0	0	0
MGEs|trfa	0	0	0	0	0	0	0	0	0	0	0	0	0	0	0	0	0	0	0	0	0	0	0	0	0	0	0	0	0	0	0	0	0	0	0	0	0	0	0	0	0	0	0	0	0	0	0	0	0	0	0	0	0	0	0	0	0	0	0	0	0	0	0	0	0	0	0	0
MGEs|intI1F165_clinical	0.000519324	0.000138927	0.000214046	0.001146618	0.000356939	0.000821278	0.000582033	0.00446053	0.000258092	0.00015073	0.000611747	0.000196445	0	0.000239227	0	0.00034638	5.11E-05	0.000464968	0.000196278	7.87E-05	0.000203593	0.001111638	0.000113815	0.000852633	0.00012136	8.19E-05	2.24E-05	2.17E-05	1.54E-05	0	2.10E-05	0.000336258	0	0.002860287	0	0	0	0	0.000508163	0.006566776	0.001652579	0.000870836	0.00030613	0	0.000277048	0.000685247	0.000103421	0.000322181	0.000446889	0.000643578	9.94E-05	0.000139967	0.000203316	0.000135366	6.96E-05	0.000517494	3.99E-05	0.000132414	3.94E-05	4.90E-05	0.000508465	2.69E-05	2.59E-05	2.64E-05	4.95E-05	0.000202243	0.000401399	0.000115257
MGEs|orf39-IS26	0	0	0	0	0	0	0	0	0	0	0	4.11E-07	0	0	0	0	0	0	0	0	0	0	0	0	0	0	0	0	0	0	4.10E-06	0	0	0	0	0	0	0	0	0	0	0	0	0	0	3.04E-06	0	0	0	0	0	0	0	0	0	0	0	0	0	0	0	0	0	0	0	0	0	0
MGEs|ISPps1-pseud	0	0	0	0	0	0	0	0	0	1.39E-06	0	0	0	0	0	0	0	0	0	0	2.05E-06	0	0	0	0	6.93E-06	2.08E-06	0	2.70E-06	0	0	0	0	0	0	0	0	0	0	0	0	9.25E-06	0	0	0	0	0	0	2.27E-05	0	0	0	0	2.30E-06	0	0	0	0	0	0	0	5.04E-06	0	0	5.60E-06	0	0	0
MGEs|ISSm2-Xanthob	0	0	0	0	0	0	0	0	0	0	0	0	0	0	0	0	0	0	0	0	0	0	0	0	0	0	0	0	2.68E-07	0	0	0	0	0	0	0	0	0	0	0	1.38E-05	0	0	0	0	0	0	0	0	0	0	0	0	0	0	0	0	0	0	0	0	0	0	0	1.47E-06	0	0	0
MGEs|ISAba3-Acineto	0	0	0	0	0	0	0	0	0	0	0	0	0	0	0	0	0	0	0	0	0	0	0	0	0	0	0	0	0	0	0	0	0	0	0	0	0	0	0	0	0	0	0	0	0	0	0	0	0	0	0	0	0	0	0	0	0	0	0	0	0	0	0	0	0	0	0	0
MGEs|ISEfm1-Entero	0	0	0	0	0	0	0	0	0	0	0	0	0	0	0	0	0	0	0	0	0	0	0	0	0	0	0	0	0	0	0	0	0	0	0	0	0	0	0	0	0	0	0	0	0	0	0	0	0	0	0	0	0	0	0	0	0	0	0	0	0	0	0	0	0	0	0	0
MGEs|IS1111	4.54E-06	1.89E-06	7.41E-06	2.07E-05	9.14E-06	5.78E-06	1.89E-06	0	8.39E-06	2.24E-06	3.98E-06	7.72E-06	0	1.21E-06	0	0	0	0	0	2.79E-07	0	0	9.01E-07	0	0	0	0	0	0	0	1.53E-06	0	0	0	0	0	0	0	0	0	7.24E-06	0	0	0	0	1.97E-06	0	0	0	0	8.95E-07	9.33E-07	2.88E-06	1.05E-06	2.59E-06	1.06E-05	5.82E-06	0	4.70E-06	0	0	1.46E-06	1.23E-06	2.78E-06	0	9.36E-06	4.35E-06	0
MGEs|pAKD1-IncP-1_	0	0	0	0	0	0	0	0	0	0	0	0	0	0	0	0	0	0	0	0	0	0	0	0	0	0	0	0	0	0	0	0	0	0	0	0	0	0	0	0	0	0	0	0	0	0	0	0	0	0	0	0	0	0	0	0	0	0	0	0	0	0	0	0	0	0	0	0
MGEs|pBS228-IncP-1_	0	0	0	0	0	0	0	0	0	0	0	0	0	0	0	0	0	0	0	0	0	0	0	0	0	0	0	0	0	0	0	0	0	0	0	0	0	0	0	0	0	0	0	0	0	0	0	0	0	0	0	0	0	0	0	0	0	0	0	0	0	0	0	0	0	0	0	0
MGEs|IS1133	0	0	0	0	0	0	0	0	0	0	0	0	0	0	0	0	0	0	0	0	0	0	0	0	0	0	0	0	0	0	0	0	0	0	0	0	0	0	0	0	0	0	0	0	0	0	0	0	0	0	0	0	0	0	0	0	0	0	0	0	0	0	0	0	0	0	0	0
MGEs|intl3	3.03E-06	2.16E-06	1.09E-06	1.81E-05	6.74E-06	1.21E-05	8.16E-06	3.24E-05	3.65E-06	1.82E-06	3.57E-06	2.54E-06	2.53E-06	3.88E-06	1.15E-06	7.37E-06	1.13E-06	9.43E-06	0	2.98E-06	3.03E-07	2.49E-05	4.51E-06	1.54E-05	0	0	0	0	0	1.56E-06	0	0	0	3.25E-05	2.54E-05	0	0	5.21E-06	0	2.29E-05	0	5.61E-06	1.09E-06	0	5.77E-06	1.39E-05	0	0	0	2.89E-06	4.24E-07	2.44E-06	4.48E-06	0	5.87E-06	1.82E-06	5.42E-06	0	1.84E-06	7.89E-06	7.73E-06	2.93E-06	1.48E-06	5.70E-07	1.95E-06	1.82E-05	2.07E-05	1.03E-05
MGEs|mobA	4.82E-06	1.80E-06	3.82E-06	0	0	6.44E-06	6.56E-06	0	0	0	0	0	4.23E-06	0	0	0	0	5.69E-06	3.03E-06	7.22E-07	0	1.78E-05	9.88E-07	0	0	0	0	0	0	0	0	0	0	0	0	0	0	5.96E-06	0	5.09E-05	0	0	4.37E-06	0	0	0	0	4.12E-06	1.01E-05	5.06E-06	0	8.15E-07	0	0	0	6.07E-06	0	0	0	0	0	0	0	0	6.44E-06	0	0	0
MGEs|traN	0	0	0	0	0	0	0	0	0	0	0	0	0	0	0	0	0	0	0	0	0	0	0	0	0	0	0	0	0	0	0	0	0	0	0	0	0	0	0	0	0	0	0	0	0	0	0	0	0	0	0	0	0	0	0	0	0	0	0	0	0	0	0	0	0	0	0	0
MGEs|tra-A	0	0	0	0	0	0	0	0	0	0	0	0	0	0	0	0	0	0	0	0	0	0	0	0	0	0	0	0	0	0	0	0	0	0	0	0	0	0	0	0	0	0	0	0	0	0	0	0	0	0	0	0	0	0	0	0	0	0	0	0	0	0	0	0	0	0	0	0
MGEs|trb-C	2.85E-05	1.62E-05	2.17E-05	0.000132482	2.78E-05	6.77E-05	1.81E-05	0.000303018	2.78E-05	1.43E-05	4.88E-05	2.82E-05	1.61E-05	3.87E-05	1.34E-05	6.40E-05	7.18E-06	6.84E-05	1.28E-05	1.00E-05	1.15E-05	0.000114022	2.07E-05	7.91E-05	0	1.67E-05	3.44E-06	3.25E-06	9.90E-06	0	1.84E-05	0	0	0	0	0	0	5.28E-06	7.25E-06	0.000132978	7.13E-05	4.56E-05	6.74E-06	0	8.53E-05	0.000170028	1.42E-05	4.95E-05	8.38E-05	6.95E-05	1.65E-05	2.50E-05	6.03E-05	1.31E-05	1.81E-05	9.47E-05	3.63E-05	0.000106813	3.03E-05	0	0.000371833	6.29E-05	2.94E-05	3.52E-05	3.97E-05	0.000275689	0.000269446	0.000123788
MGEs|ISCR1	0	0	0	0	0	0	0	0	0	0	0	0	0	0	0	0	0	0	0	0	0	0	0	0	0	0	0	0	0	0	0	0	0	0	0	0	0	0	0	0	0	0	0	0	0	0	0	0	0	0	0	0	0	0	0	0	0	0	0	0	0	0	0	0	0	0	0	0
MGEs|IS26	0	0	0	0	0	0	0	0	0	0	0	0	0	0	0	0	0	0	0	0	0	0	0	0	0	0	0	0	0	0	0	0	0	0	0	0	0	0	0	0	0	0	0	0	0	0	0	0	0	0	0	0	0	0	0	0	0	0	0	0	0	0	0	0	0	0	0	0
MGEs|IS3	0	0	0	0	0	0	0	0	0	0	0	0	0	0	0	0	0	0	0	0	0	0	0	0	0	0	0	0	0	0	0	0	0	0	0	0	0	0	0	0	0	0	0	0	0	0	0	0	0	0	0	0	0	0	0	0	0	0	0	0	0	0	0	0	0	0	0	0
MGEs|IS256	0	0	0	0	0	0	0	0	0	0	0	0	0	0	0	0	0	0	0	0	0	0	0	0	0	0	0	0	0	0	0	0	0	0	0	0	0	0	0	0	0	0	0	0	0	0	0	0	0	0	0	0	0	0	0	0	0	0	0	0	0	0	0	0	0	0	0	0
MGEs|ISEcp1	4.25E-06	1.15E-06	1.42E-06	7.36E-06	2.93E-06	9.94E-06	7.60E-06	1.19E-05	2.55E-06	5.64E-07	1.30E-06	7.96E-07	1.76E-06	2.67E-06	1.79E-06	3.82E-06	4.02E-07	7.10E-06	5.37E-07	1.13E-06	1.74E-06	4.79E-06	1.02E-06	0	0	0	0	0	0	0	7.55E-07	0	0	0	0	0	0	0	3.22E-06	1.16E-05	4.27E-06	0	0	0	0	0	0	1.58E-06	0	0	0	0	5.90E-07	0	5.78E-07	2.07E-06	0	8.19E-06	1.95E-06	6.98E-07	6.45E-06	0	0	0	1.03E-06	2.06E-05	6.86E-06	0
MGEs|IS200	0	1.50E-06	0	0	8.38E-06	0	0	0	0	0	0	0	0	0	3.76E-05	0	1.76E-06	0	0	0	0	0	0	0	0	0	0	0	6.32E-06	0	0	0	0	0	0	0	0	1.47E-06	0	0.000415881	0	0	0	0	0	0	0	0	0	0	1.51E-06	0	0.000199132	0	0	1.35E-05	0	0	1.28E-05	0	0	0	0	0	0	0	0	0
MGEs|IS1247	1.04E-06	2.53E-07	8.92E-07	0	1.10E-06	1.56E-06	1.59E-06	6.48E-06	0	0	1.44E-06	3.22E-07	9.75E-07	0	0	0	4.51E-07	0	0	0	0	0	0	4.07E-06	0	0	0	0	0	0	0	0	0	4.74E-06	0	0	0	0	0	2.74E-05	0	0	0	0	1.65E-06	0	0	0	0	0	0	0	0	9.58E-07	0	2.71E-06	6.80E-07	0	0	0	0	0	2.32E-06	0	1.19E-06	5.23E-06	6.71E-06	7.41E-06
MGEs|IS630	0	0	0	0	0	0	0	0	0	0	0	0	0	0	0	0	0	0	0	0	0	0	0	0	0	0	0	0	0	0	0	0	0	0	0	0	0	0	0	0	0	0	0	0	0	0	0	0	0	0	0	0	0	0	0	0	0	0	0	0	0	0	0	0	0	0	0	0
MGEs|TN5403	0	0	0	0	0	0	0	0	0	0	0	0	0	0	0	0	0	0	0	0	0	0	0	0	0	0	0	0	0	0	0	0	0	0	0	0	0	0	0	0	0	0	0	0	0	0	0	0	0	0	0	0	0	0	0	0	0	0	0	0	0	0	0	0	0	0	0	0
MGEs|IS200	0	0	0	0	0	0	0	0	0	0	6.85E-06	0	0	0	5.99E-05	0	6.51E-07	0	0	0	0	0	0	0	1.03E-05	0	0	2.15E-06	8.62E-06	0	0	0	0	0	0	0	0	1.79E-06	0	0.000695851	5.72E-06	1.25E-05	0	0	0	0	0	0	0	0	2.51E-06	0	0.00060203	7.02E-06	0	4.28E-05	0	0	3.65E-06	9.01E-06	0	0	0	0	0	0	0	0
MGEs|IS21-ISAs29	0	0	0	0	0	0	0	0	0	0	0	0	0	0	0	0	0	0	0	0	0	0	0	0	0	0	0	0	0	0	0	0	0	0	0	0	0	0	0	0	0	0	0	0	0	0	0	0	0	0	0	0	0	0	0	0	0	0	0	0	0	0	0	0	0	0	0	0
MGEs|Tn3	0	0	0	0	0	0	0	0	0	0	0	0	0	0	0	0	0	0	0	0	0	0	0	0	0	0	0	0	0	0	0	0	0	0	0	0	0	0	0	0	0	0	0	0	0	0	0	0	0	0	0	0	0	0	0	0	0	0	0	0	0	0	0	0	0	0	0	0
MGEs|IS6/257	0	0	0	0	0	0	0	0	0	0	0	0	0	0	0	0	0	0	0	0	0	0	0	0	0	0	0	0	0	0	0	0	0	0	0	0	0	0	0	0	0	0	0	0	0	0	0	0	0	0	0	0	0	0	0	0	0	0	0	0	0	0	0	0	0	0	0	0
MGEs|IS6100	0	0	0	2.47E-06	0	8.34E-07	0	0	0	0	0	3.49E-06	0	0	0	6.59E-07	0	0	0	0	0	2.95E-06	0	0	0	0	0	0	0	0	1.30E-06	0	0	0	0	0	0	0	0	0	0	0	0	0	0	0	0	0	0	0	0	0	0	0	0	0	0	0	0	0	5.94E-06	4.45E-06	0	0	0	0	0	0
MGEs|IS15DI	0	0	0	0	0	0	0	0	0	0	0	0	0	0	0	0	0	0	0	0	0	0	0	0	0	0	0	0	0	0	0	0	0	0	0	0	0	0	0	0	0	0	0	0	0	0	0	0	0	0	0	0	0	0	0	0	0	0	0	0	0	0	0	0	0	0	0	0
MGEs|IncN_korA	0	0	0	0	0	0	0	0	0	0	0	0	0	0	0	0	0	0	0	0	0	0	0	0	0	0	0	0	0	0	0	0	0	0	0	0	0	0	0	0	0	0	0	0	0	0	0	0	0	0	0	0	0	0	0	0	0	0	0	0	0	0	0	0	0	0	0	0
MGEs|lncF_FIC	0	0	0	0	0	0	0	0	0	0	0	0	0	0	0	0	0	0	0	0	0	0	0	0	0	0	0	0	0	0	0	0	0	0	0	0	0	0	0	0	0	0	0	0	0	0	0	0	0	0	0	0	0	0	0	0	0	0	0	0	0	0	1.35E-06	0	0	0	0	0
MGEs|IncI1_repI1	3.36E-06	0	0	0	0	0	3.82E-06	5.17E-05	0	0	0	1.86E-06	0	0	2.10E-06	0	9.59E-07	2.90E-06	1.73E-06	0	2.32E-06	1.10E-05	3.23E-06	2.17E-05	0	0	0	0	0	0	0	0	0	0	0	0	0	0	0	0	1.68E-05	8.94E-06	0	0	0	1.70E-06	0	0	0	0	7.56E-06	0	0	0	2.88E-06	0	0	1.08E-05	0	0	0	0	0	0	0	0	0	0
MGEs|IncHI2-smr0018	0	0	0	0	0	0	0	0	0	0	0	0	0	0	0	0	0	0	0	0	0	0	0	0	0	0	0	0	0	0	0	0	0	0	0	0	0	0	0	0	0	0	0	0	0	0	0	0	0	0	0	0	0	0	0	0	0	0	0	0	0	0	0	0	0	0	0	0
MGEs|IS91	0	0	0	0	0	0	0	0	0	0	0	0	0	0	0	0	0	0	0	0	0	0	0	0	0	0	0	0	0	0	0	0	0	0	0	0	0	0	0	0	0	0	0	0	0	0	0	0	0	0	0	0	0	0	0	0	0	0	0	0	0	0	0	0	0	0	0	0
MGEs|IS5/IS1182	0	0	0	0	0	0	0	0	0	0	0	0	0	0	0	0	0	0	0	0	0	0	0	0	0	0	0	0	0	0	0	0	0	0	0	0	0	0	0	0	0	0	0	0	0	0	0	0	0	0	0	0	0	0	0	0	0	0	0	0	0	0	0	0	0	0	0	0
MGEs|cro	0	0	0	0	0	0	0	0	0	0	0	0	0	0	0	0	0	0	0	0	0	0	0	0	0	0	0	0	0	0	0	0	0	0	0	0	0	0	0	0	1.29E-05	0	0	0	0	0	0	0	0	0	0	0	0	0	0	0	0	0	0	0	0	0	0	0	0	0	0	0
MGEs|EAE_05855	0	0	0	0	0	0	0	0	0	0	0	0	0	0	0	0	0	0	0	0	0	0	0	0	0	0	0	0	0	0	0	0	0	0	0	0	0	0	0	0	0	0	0	0	0	0	0	0	0	0	0	0	0	0	0	0	0	0	0	0	0	0	0	0	0	0	0	0
MLSB|ermK	0	0	0	0	5.35E-07	0	0	8.17E-06	0	0	0	0	5.63E-06	0	4.79E-06	0	0	0	0	0	0	0	0	0	0	0	0	0	0	0	0	0	0	0	0	0	0	0	0	0	0	8.58E-06	0	0	0	0	0	0	0	0	0	0	0	0	0	0	0	0	0	0	0	0	0	0	0	0	0	0
MLSB|vatD	0	0	0	0	0	0	0	0	0	0	0	0	0	0	0	0	0	0	0	0	0	0	0	0	0	0	0	0	0	0	0	0	0	0	0	0	0	0	0	0	0	0	0	0	0	0	0	0	0	0	0	0	0	0	0	0	0	0	0	0	0	0	0	0	0	0	0	0
MLSB|erm(36)	0	0	0	0	0	0	0	0	0	0	0	0	0	0	0	0	0	0	0	0	0	0	0	0	0	0	0	0	0	0	0	0	0	0	0	0	0	0	0	0	0	0	0	0	0	0	0	0	0	0	0	0	0	0	0	0	0	0	0	0	0	0	0	0	0	0	0	0
MLSB|ermT	0	0	0	0	0	0	0	0	0	0	0	0	0	0	0	0	0	0	0	0	0	0	0	0	0	0	0	0	0	0	0	0	0	0	0	0	0	0	0	0	0	0	0	0	0	0	0	0	0	0	0	0	0	0	0	0	0	0	0	0	0	0	0	0	0	0	0	0
MLSB|msr(C)	0	0	0	0	0	0	0	0	0	0	0	0	0	0	0	0	0	0	0	0	0	0	0	0	0	0	0	0	0	0	0	0	0	0	0	0	0	0	0	0	0	0	0	0	0	0	0	0	0	0	0	0	0	0	0	0	0	0	0	0	0	0	0	0	0	0	0	0
MLSB|mphB	0	0	0	0	0	0	0	8.15E-06	0	0	0	0	1.02E-06	0	0	0	2.59E-07	0	0	0	0	0	0	0	0	0	0	0	0	0	0	0	0	0	0	0	0	0	0	0	0	0	0	0	0	0	0	0	0	0	0	0	0	0	0	0	0	0	0	0	0	0	0	0	0	0	0	0
MLSB|msr(A)	0	0	0	0	0	0	0	0	0	0	0	0	0	0	0	0	0	0	0	0	0	0	0	0	0	0	0	0	0	0	0	0	0	0	0	0	0	1.18E-06	0	0	0	0	0	0	0	0	0	0	0	0	0	0	0	0	0	0	0	0	0	0	0	0	0	0	0	0	0	0
MLSB|ermX	0	0	0	0	0	0	0	0	0	0	0	0	0	0	0	0	0	0	0	0	0	0	0	0	0	0	0	0	0	0	0	0	0	0	0	0	0	0	0	0	0	0	0	0	0	0	0	0	0	0	0	0	0	0	0	0	0	1.37E-05	0	0	0	0	0	0	0	0	0	0
MLSB|vatC	0	0	0	0	0	0	0	0	0	0	0	0	0	0	0	0	0	0	0	0	0	0	0	0	0	0	0	0	0	0	0	0	0	0	0	0	0	0	0	0	0	0	0	0	0	0	0	0	0	0	0	0	0	0	0	0	0	0	0	0	0	0	0	0	0	0	0	0
MLSB|vgaB	0	0	0	0	0	0	0	0	0	0	0	0	0	0	0	0	0	0	0	0	0	0	0	0	0	0	0	0	0	0	0	0	0	0	0	0	0	0	0	0	0	0	0	0	0	0	0	0	0	0	6.95E-07	0	0	0	0	0	0	0	0	0	0	0	0	0	0	0	0	0
MLSB|pica	0	0	0	0	0	0	0	0	0	0	0	0	0	0	0	0	0	0	0	0	0	0	0	0	0	0	0	0	0	0	0	0	0	0	0	0	0	0	0	0	0	0	0	0	0	0	0	0	0	0	0	0	0	0	0	0	0	0	0	0	0	0	1.65E-06	0	0	0	0	0
MLSB|lnuA	0	0	0	0	0	0	0	0	0	0	0	0	0	0	0	0	0	3.98E-06	0	0	0	0	0	0	0	0	0	0	0	0	0	0	0	0	0	0	0	0	0	0	0	0	0	0	0	0	0	0	0	0	0	0	0	0	0	0	0	0	0	0	0	0	0	0	0	0	0	0
MLSB|lmrA	0	0	0	0	0	0	0	0	0	0	0	0	0	0	0	0	0	0	0	0	0	0	0	0	0	0	0	0	0	0	0	0	0	0	0	0	0	0	0	0	0	0	0	0	0	0	0	0	0	0	0	0	0	0	0	0	0	0	0	0	0	0	0	0	0	0	0	0
MLSB|vat(E)	0	0	0	0	0	0	0	0	0	0	0	0	0	0	0	0	0	0	0	0	0	0	0	0	0	0	0	0	0	0	0	0	0	0	0	0	0	0	0	0	0	0	0	0	0	0	0	0	0	0	0	0	0	0	0	0	0	0	0	0	0	0	0	0	0	0	0	0
MLSB|vgbB	0	0	0	0	0	0	0	0	0	0	0	0	0	0	0	0	0	0	0	0	0	0	0	0	0	0	0	0	0	0	0	0	0	0	0	0	0	0	0	0	0	0	0	0	0	0	0	0	0	0	0	0	0	0	0	0	0	0	0	0	0	0	0	0	0	0	0	0
MLSB|ermY	0	0	0	0	0	0	0	0	0	0	0	0	0	0	0	0	0	0	0	0	0	0	0	0	0	0	0	0	0	0	0	0	0	0	0	0	0	0	0	0	0	0	0	0	0	0	0	0	0	0	0	0	0	0	0	0	0	0	0	0	0	0	0	0	0	0	0	0
MLSB|erm(C)	0	0	0	0	0	0	0	0	0	0	0	0	0	0	0	0	0	0	3.99E-06	0	0	0	0	0	0	0	0	0	0	0	0	0	0	9.67E-06	0	0	0	0	0	0	0	0	0	0	0	0	0	0	0	0	0	0	0	0	0	0	0	0	0	0	0	0	0	0	0	0	0	0
MLSB|cfr	0	0	0	0	0	0	0	0	0	0	0	0	0	0	0	0	0	0	0	0	0	0	0	0	0	0	0	0	0	0	0	0	0	0	0	0	0	0	0	0	0	0	0	0	0	0	0	0	0	0	0	0	0	0	0	0	0	0	0	0	0	0	0	0	0	0	0	0
MLSB|ermA/ermTR	0	0	0	0	0	0	0	0	0	0	0	0	0	0	0	0	0	0	0	0	0	0	0	0	0	0	0	0	0	0	0	0	0	0	0	0	0	0	0	0	0	0	0	0	0	0	0	0	0	0	0	0	0	0	0	0	0	0	0	0	0	0	0	0	0	0	0	0
MLSB|oleC	0	0	0	0	0	0	0	0	0	0	0	0	0	0	0	0	0	0	0	0	0	0	0	0	0	0	0	0	0	0	0	0	0	0	0	0	0	0	0	0	0	0	0	0	0	0	0	0	0	0	0	0	0	0	0	0	0	0	0	0	0	0	0	0	0	0	0	0
MLSB|carB	0	0	0	0	0	0	0	0	0	0	0	0	0	0	0	0	0	0	0	0	0	0	0	0	0	0	0	0	0	0	0	0	0	0	0	0	0	0	0	0	0	0	0	0	0	0	0	0	0	0	0	0	0	0	0	0	0	0	0	0	0	0	0	0	0	0	0	0
MLSB|ermZ/pikR1	0	0	0	0	0	0	0	0	0	0	0	0	0	0	0	0	0	0	0	0	0	0	0	0	0	0	0	0	0	0	0	0	0	0	0	0	0	0	0	0	0	0	0	0	0	0	0	0	0	0	0	0	0	0	0	0	0	0	0	0	0	0	0	0	0	0	0	0
MLSB|ere(A)	0	0	0	0	0	0	0	0	0	0	0	0	0	0	0	0	0	0	0	0	0	0	2.80E-07	0	0	0	0	0	0	0	0	0	0	0	0	0	0	0	0	0	4.46E-06	0	0	0	0	8.75E-06	0	1.47E-06	0	0	8.46E-07	0	0	0	0	0	0	0	0	1.83E-06	0	0	0	0	0	0	0	0
MLSB|ere(B)	0	0	0	0	0	0	0	0	0	0	0	0	0	0	0	0	0	0	0	0	0	0	0	0	0	0	0	0	0	0	0	0	0	0	0	0	0	0	0	0	0	0	0	0	0	0	0	0	0	0	0	0	0	0	0	0	0	0	0	0	0	0	0	0	0	0	0	0
MLSB|erm(A)	0	0	0	0	0	0	0	0	0	0	0	0	0	0	0	0	0	0	0	0	0	0	0	0	0	0	0	0	0	0	0	0	0	0	0	0	0	0	0	0	0	0	0	0	0	0	0	0	0	0	0	0	0	0	0	0	0	0	0	0	0	0	0	0	0	0	0	0
MLSB|erm(B)	0	0	0	0	0	0	0	0	0	0	0	0	0	0	0	0	0	0	0	0	0	0	0	0	0	0	0	0	0	0	0	0	0	0	0	0	0	0	0	0	0	0	0	0	0	0	0	0	0	0	0	0	0	0	0	0	0	0	0	0	0	0	0	0	0	0	0.000294168	0
MLSB|erm(D)	0	0	0	0	0	0	0	0	0	0	0	0	0	0	0	0	0	0	0	0	0	0	0	0	0	0	0	0	0	0	0	0	0	0	0	0	0	0	0	0	0	0	0	0	0	0	0	0	0	0	0	0	0	0	0	0	0	0	0	0	0	0	0	0	0	0	0	0
MLSB|erm(E)	0	0	0	0	0	0	0	0	0	0	0	0	0	0	0	0	0	0	0	0	0	0	0	3.95E-06	0	0	0	0	0	0	3.37E-07	0	0	0	0	0	0	0	0	0	0	0	0	0	0	0	0	0	0	0	0	0	0	0	0	0	0	0	0	0	0	0	0	0	0	0	0	0
MLSB|erm(G)	0	0	0	0	0	0	0	0	0	0	0	0	0	0	0	0	0	0	0	0	0	0	0	0	0	0	0	0	0	0	0	0	0	0	0	0	0	0	0	0	0	0	0	0	0	0	0	0	0	0	0	0	0	0	0	0	0	0	0	0	0	0	0	0	0	0	0	0
MLSB|erm(O)	0	0	0	0	0	0	0	0	0	0	0	0	0	0	0	0	0	0	0	0	0	0	0	0	0	0	0	0	0	0	3.60E-07	0	0	0	0	0	0	0	0	0	0	0	0	0	0	7.98E-06	0	0	0	1.76E-06	0	0	1.38E-06	0	0	0	0	0	0	0	0	0	0	0	0	0	7.47E-05	0
MLSB|erm(Q)	0	0	0	0	0	0	0	0	0	0	0	0	0	0	0	0	0	0	0	0	0	0	0	0	0	0	0	0	0	0	0	0	0	0	0	0	0	0	0	0	0	0	0	0	0	0	0	0	0	0	0	0	0	0	0	0	0	0	0	0	0	0	0	0	0	0	0.00016026	0
MLSB|erm(S)	0	0	0	0	0	0	0	0	0	0	0	0	0	0	0	0	0	0	0	0	0	0	0	0	0	0	0	0	0	0	5.33E-06	0	0	0	0	0	0	0	0	0	0	0	0	0	0	0	0	0	0	0	0	0	0	0	2.39E-06	0	0	0	0	0	0	0	0	0	0	0	0	0
MLSB|lnuB	0	0	0	0	0	0	0	0	0	0	0	0	0	0	0	0	0	0	0	0	0	0	0	0	0	0	0	0	0	0	0	0	0	0	0	0	0	0	0	0	0	0	0	0	0	0	0	0	0	0	0	0	0	0	0	0	0	0	0	0	0	0	0	0	0	0	0	0
MLSB|mphA	0	0	0	0	0	0	0	0	3.78E-07	0	0	0	0	0	0	6.44E-07	0	0	0	0	0	0	0	0	0	0	0	0	0	0	0	0	0	0	0	0	0	0	0	0	0	0	0	0	0	0	0	0	0	0	0	0	0	0	0	0	0	0	0	0	0	0	0	0	0	0	0	0
MLSB|vat(A)	0	0	3.17E-06	0	0	2.47E-06	0	0	1.87E-06	0	0	0	0	0	0	0	0	0	0	0	0	0	0	0	0	0	2.78E-06	0	0	0	0	0	0	0	0	0	0	1.55E-06	6.54E-06	0	0	0	0	0	0	0	0	0	0	0	0	0	0	0	0	0	0	0	0	0	0	0	0	0	0	0	0	0
MLSB|erm(34)	0	0	0	0	0	0	0	0	0	0	0	0	0	0	0	0	0	0	0	0	0	0	0	0	0	0	0	0	0	0	0	0	0	0	0	0	0	0	0	0	0	0	0	0	0	0	0	0	0	0	0	0	0	0	0	0	0	0	0	0	0	0	0	0	0	0	0	0
MLSB|erm(35)	1.15E-06	0	0	2.25E-06	1.20E-06	8.84E-07	0	0	3.48E-06	4.53E-07	1.53E-06	9.50E-07	0	1.26E-06	0	1.28E-06	0	0	0	0	1.00E-06	0	8.44E-07	3.39E-06	0	0	0	0	6.23E-07	3.13E-06	0	0	9.17E-06	0	0	0	0	5.86E-06	0	0	0	0	0	0	0	1.16E-05	0	0	1.59E-05	4.47E-06	0	0	2.21E-06	0	7.80E-07	9.00E-06	5.77E-07	0	0	1.31E-06	0	4.43E-07	5.68E-06	0	2.94E-06	0	0	0
MLSB|erm(42)	0	0	0	0	0	0	0	0	0	0	0	0	0	0	0	0	0	0	0	0	0	0	0	0	0	0	0	0	0	0	0	0	0	0	0	0	0	0	0	0	0	0	0	0	0	0	0	0	0	0	0	0	0	0	0	0	0	0	0	0	0	0	0	0	0	0	0	0
MLSB|erm(F)	0	0	0	0	0	0	0	0	0	0	0	0	0	0	0	0	0	0	0	0	0	0	0	0	0	0	0	0	0	0	0	0	0	0	0	0	0	0	0	0	0	0	0	0	0	0	0	0	0	0	0	0	0	0	0	0	0	0	0	0	0	0	0	0	0	0	0	0
MLSB|lnu(F)	0	0	0	0	0	0	0	0	0	0	0	0	0	0	0	0	0	0	0	0	0	0	0	0	0	0	0	0	0	0	0	0	0	0	0	0	0	0	0	0	0	0	0	0	0	0	0	0	0	0	0	0	0	0	0	0	0	0	0	0	0	0	0	0	0	0	0	0
MLSB|lsa(C)	0	0	0	0	0	0	0	0	0	0	0	0	0	0	0	0	0	0	0	0	0	0	0	0	0	0	0	0	0	0	0	0	0	0	0	0	0	0	0	0	0	0	0	0	0	0	0	0	0	0	0	0	0	0	0	0	0	0	0	0	0	0	0	0	0	0	0	0
MLSB|mef(B)	0	0	0	0	0	0	0	0	0	0	0	0	0	0	0	0	0	0	0	0	0	0	0	0	0	0	0	0	0	0	0	0	0	0	0	0	0	0	0	0	0	0	0	0	0	0	0	0	0	0	0	0	0	0	0	0	0	0	0	0	0	0	0	0	0	0	0	0
MLSB|msr(D)	0	0	0	0	0	0	0	0	0	0	0	0	0	0	0	0	0	0	0	0	0	0	0	0	0	0	0	0	0	0	0	0	0	0	0	0	0	0	0	0	0	0	0	0	0	0	0	0	0	0	0	0	0	0	0	0	0	0	0	0	0	0	0	0	0	0	0	0
MLSB|msr(E)	0	0	0	0	0	0	0	0	0	0	0	0	0	0	0	0	0	0	0	0	0	0	0	0	0	0	0	0	0	0	0	0	0	0	0	0	0	0	0	0	0	0	0	0	0	0	0	0	0	0	0	0	0	0	0	0	0	0	0	0	0	0	0	0	0	0	0	0
MLSB|vgaA	0	0	0	3.15E-06	0	0	0	0	0	0	0	0	0	0	0	0	0	1.59E-06	0	1.52E-07	0	0	0	0	0	0	0	0	0	0	0	0	0	0	0	0	0	0	0	0	0	0	0	0	0	4.05E-06	0	0	0	0	0	0	0	0	0	0	0	0	0	0	0	0	0	0	0	0	0	0
MLSB|vga(A)LC	0	0	0	0	0	0	0	0	0	0	0	0	0	0	0	0	0	0	0	0	0	0	0	0	0	0	0	0	0	0	0	0	0	0	0	0	0	0	0	0	0	0	0	0	0	0	0	0	0	0	0	0	0	0	0	0	0	0	0	0	0	0	0	0	0	0	0	0
MLSB|vatB	0	0	0	0	0	0	0	0	0	0	0	0	0	0	0	0	0	0	0	0	0	0	0	0	0	0	0	0	0	0	0	0	0	0	0	0	0	0	0	0	0	0	0	0	0	0	0	0	0	0	0	0	0	0	0	0	0	0	0	0	0	0	0	0	0	0	0	0
MLSB|mefA	0	0	3.44E-06	0	0	0	0	0	0	0	0	0	4.08E-06	1.76E-06	0	6.00E-06	4.17E-06	0	0	5.95E-07	0	0	0	1.42E-05	0	0	0	0	0	0	0	0	0	0	0	0	0	0	0	0.000124858	0	0	0	0	0	0	0	0	4.01E-06	0	0	0	0	0	3.76E-07	0	0	0	0	0	0	0	0	0	0	0	0	0
MLSB|lnuC	0	0	0	0	0	0	0	0	0	0	0	0	0	0	0	2.85E-06	0	0	0	0	0	0	0	0	0	0	0	0	0	0	0	0	0	0	0	0	0	0	0	0	0	0	0	0	0	0	0	0	0	0	0	0	0	0	0	0	0	0	0	0	0	0	0	0	0	0	0	0
Other|nisB	3.17E-06	2.83E-07	6.62E-07	1.71E-06	0	0	9.38E-06	0	1.98E-06	0	3.59E-06	0	0	1.37E-06	0	0	0	0	0	0	0	3.55E-06	2.88E-06	0	0	0	0	0	0	0	0	0	0	0	0	0	0	0	0	0	0	0	0	0	0	0	0	0	0	0	7.22E-07	0	1.37E-06	0	0	0	0	0	0	0	0	0	0	0	0	0	0	0
Other|pmrA	0	0	0	0	0	0	0	0	0	0	0	0	0	0	0	0	0	0	0	0	0	0	0	0	0	0	0	0	0	0	0	0	0	0	0	0	0	0	0	0	0	0	0	0	0	0	0	0	0	0	0	0	0	0	0	0	0	0	0	0	0	0	0	0	0	0	0.000225353	0
Other|fosb	0	0	0	0	0	0	0	0	0	0	0	0	0	0	0	0	0	0	0	0	0	0	0	0	0	0	0	0	0	0	0	0	0	0	0	0	0	0	0	0	0	0	0	0	0	0	0	0	0	0	0	0	0	0	0	0	0	0	0	0	0	0	0	0	0	0	0	0
Other|fosX	0	0	0	0	0	0	0	0	0	0	0	0	0	0	0	0	0	0	0	0	0	0	6.65E-07	0	0	0	0	0	0	0	0	0	0	0	0	0	0	0	0	0	2.95E-06	0	2.98E-06	0	0	0	0	0	0	0	0	0	0	0	0	0	0	0	0	0	0	0	0	0	0	0	0	0
Other|Arr2	0	0	0	0	0	0	0	0	0	0	0	0	0	0	0	0	0	0	0	0	0	0	0	0	0	0	0	0	0	0	0	0	0	0	0	0	0	0	0	0	0	0	0	0	0	0	0	0	0	0	0	0	0	0	0	0	0	0	0	0	0	0	0	0	0	0	0	0
Other|mcr-1	0	0	0	0	0	5.01E-06	2.64E-06	6.13E-06	0	0	0	0	0	0	2.66E-06	3.00E-06	7.03E-07	0	0	0	1.67E-06	0	2.04E-06	8.21E-06	0	0	0	0	0	0	0	0	0	2.75E-05	2.52E-05	0	0.000118553	1.10E-05	0	3.84E-05	1.39E-05	0	0	5.02E-06	0	0	0	0	0	0	0	0	0	0	0	0	0	0	0	0	0	0	0	0	0	0	0	0
Other|bacA_F	0	0	0	0	0	0	0	0	0	0	0	0	0	0	0	0	0	0	0	0	0	0	0	0	0	0	0	0	0	0	0	0	0	0	0	0	0	0	0	0	0	0	0	0	0	0	0	0	0	0	0	0	0	0	0	0	0	0	0	0	0	0	0	0	0	0	0	0
Other|fabK	6.20E-06	4.40E-06	0	4.79E-05	9.52E-06	3.53E-05	1.09E-05	9.00E-05	1.15E-05	1.43E-05	2.11E-06	1.23E-05	8.08E-06	9.96E-06	2.71E-05	2.61E-06	8.98E-07	1.25E-05	3.79E-06	1.66E-06	7.91E-06	4.72E-05	7.82E-06	2.37E-05	0	0	6.48E-06	6.72E-06	2.02E-06	0	0	0	0	0.000120225	0	0	0	4.22E-05	2.05E-05	0.00037808	0.000142957	0	1.03E-05	0	0	4.81E-05	1.73E-06	3.40E-05	2.04E-05	3.38E-05	7.92E-06	6.69E-06	5.41E-06	3.34E-06	2.42E-06	5.86E-05	0	1.77E-05	6.29E-06	0	3.17E-05	0	1.01E-05	7.15E-06	1.73E-05	5.04E-05	0.000202322	4.21E-05
Other|ARR-3	0	0	0	0	0	0	0	0	0	0	0	0	0	0	0	0	0	0	0	0	0	0	0	0	0	0	0	0	0	0	0	0	0	0	0	0	0	0	0	0	0	0	0	0	0	0	0	0	0	0	0	0	0	0	0	0	0	0	0	0	0	0	0	0	0	0	0	0
Other|mcr-2	0	0	0	0	0	0	0	0	0	0	0	0	0	0	0	0	0	0	0	0	0	0	0	0	0	0	0	0	0	0	0	0	0	0	0	0	0	0	0	0	0	0	0	0	0	0	0	0	0	0	0	0	0	0	0	0	0	0	0	0	0	0	0	0	0	0	0	0
Sulfonamide|sul2	0	0	0	0	0	0	0	0	0	7.61E-07	0	0	0	0	0	0	0	0	0	0	0	0	0	0	0	0	0	0	0	0	0	0	0	0	0	0	0	0	0	0	0	0	0	0	0	0	0	0	0	0	0	0	0	0	0	0	0	0	0	0	0	0	0	0	0	0	0	0
Sulfonamide|strB	0	0	0	0	0	0	0	0	0	0	0	0	0	0	0	0	0	0	0	0	0	0	0	0	0	0	0	0	0	0	0	0	0	0	0	0	0	0	0	0	0	0	0	0	0	0	0	0	0	0	0	0	0	0	0	0	0	0	0	0	0	0	0	0	0	0	0	0
Sulfonamide|folA	0	1.54E-05	0	0	0	0	7.73E-06	0	0	0	4.54E-05	0	0	0	0	0	0	0	0	5.90E-06	0	2.83E-05	0	0	0	0	0	1.73E-06	0	0	4.46E-06	0	0	0	0	0	0	9.48E-06	0	0.001813479	2.80E-06	4.82E-05	1.75E-05	0	3.93E-06	0	0	0	0	0	9.49E-07	0	2.63E-06	6.74E-06	2.74E-06	4.61E-06	0	0	8.35E-06	0	0	0	0	0	0	0	0	0
Sulfonamide|sulA/folP	0	0	0	0	3.82E-06	0	0	0	0	0	0	0	0	0	3.54E-06	0	0	0	0	0	3.70E-06	0	0	0	0	0	0	0	0	0	0	0	0	1.56E-05	0	0	0	0	1.25E-05	0	0	0	0	0	2.63E-05	0	3.74E-06	8.84E-06	4.06E-06	0	4.40E-06	2.01E-06	0	0	0	0	2.61E-06	0	0	0	0	0	0	0	0	0	0.000304895	0
Sulfonamide|sul1 NEW	0	0	0	0	0	0	0	0	0	0	0	0	0	0	0	0	0	0	0	0	0	0	0	0	0	0	0	0	0	0	0	0	0	0	0	0	0	0	0	0	0	0	0	0	0	0	0	0	2.43E-05	0	0	0	0	0	0	0	0	0	0	0	0	0	0	0	0	0	0	0
Sulfonamide|sulIII-marko	0	0	0	0	0	0	0	0	0	0	0	0	0	0	0	0	0	0	0	0	0	0	0	0	0	0	0	0	0	0	0	0	0	0	0	0	0	0	0	0	0	0	0	0	0	0	0	0	0	0	0	0	0	0	0	0	0	0	0	0	0	0	0	0	0	0	0	0
Tetracycline|tetbP	0	0	0	0	0	0	0	0	0	0	0	0	0	0	0	0	0	0	0	0	0	0	0	0	0	0	0	0	0	0	0	0	0	0	0	0	0	0	0	0	0	0	0	0	0	0	0	0	0	0	0	0	0	0	0	0	0	0	0	0	0	0	0	0	0	0	0	0
Tetracycline|tet40	0	0	0	0	0	0	0	0	0	0	0	0	0	0	0	0	0	0	0	0	0	0	0	0	0	0	0	0	0	0	0	0	0	0	0	0	0	0	0	0	0	0	0	0	0	0	0	0	0	0	0	0	0	0	0	0	0	0	0	0	0	0	0	0	0	0	0	0
Tetracycline|tetD	0	0	1.97E-06	1.43E-06	0	0	0	0	1.46E-06	0	0	6.21E-07	0	0	0	5.65E-07	0	0	0	3.96E-07	0	0	3.00E-07	0	0	0	0	0	0	0	0	0	0	0	0	0	0	0	0	0	0	0	0	0	0	0	0	0	0	0	0	0	0	0	0	0	0	0	0	1.11E-06	0	0	0	0	1.32E-06	0	0	0
Tetracycline|tetPB	0	0	0	0	0	0	0	0	0	0	0	0	0	0	0	0	0	0	0	0	0	0	0	0	0	0	0	0	0	0	0	0	0	0	0	0	0	0	0	0	0	0	0	0	0	0	0	0	0	0	0	3.13E-06	0	0	0	0	0	0	0	0	0	0	0	0	0	0	0	0
Tetracycline|tet39	0	0	0	0	0	0	0	0	0	0	0	0	0	0	0	0	0	0	0	0	0	0	0	0	0	0	0	0	0	0	0	0	0	0	0	0	0	0	0	0	0	0	0	0	0	0	0	0	0	0	0	0	0	0	0	0	0	0	0	0	0	0	0	0	0	0	0	0
Tetracycline|tetG_F	0	0	0	0	0	0	0	0	1.24E-06	5.92E-07	0	0	0	0	0	0	0	0	0	0	0	0	0	0	0	0	0	0	0	0	0	0	0	0	0	0	0	0	6.29E-06	6.21E-05	0	0	0	0	0	0	0	0	0	0	0	0	0	2.18E-06	0	0	0	0	0	0	0	0	1.70E-06	0	0	0	0	0
Tetracycline|tetR	0	2.97E-06	1.39E-05	0	0	3.84E-06	1.09E-06	0	9.73E-06	5.68E-06	0	3.09E-06	0	0	0	1.63E-06	2.63E-07	0	0	0	1.76E-06	0	8.54E-07	0	0	0	0	3.45E-07	1.09E-06	0	6.26E-07	0	0	0	0	0	0	0	0	1.20E-05	0	2.71E-06	0	0	0	4.90E-05	4.87E-07	0	2.72E-05	1.88E-06	1.19E-06	0	1.64E-06	9.37E-07	2.95E-06	1.27E-05	4.37E-06	3.16E-06	4.48E-06	6.83E-06	0	0	0	0	0	0	0	0
Tetracycline |tet(36)	0	0	0	0	0	0	0	0	0	0	0	0	0	0	0	0	0	0	0	0	0	0	0	0	0	0	0	0	0	0	0	0	0	0	0	0	0	0	0	0	0	0	0	0	0	0	0	0	0	0	0	0	0	0	0	0	0	0	0	0	0	0	0	0	0	0	0	0
Tetracycline |tet(32)	0	0	0	0	0	0	0	0	0	0	0	0	0	0	0	0	0	0	0	0	0	0	0	0	0	0	0	0	0	0	0	0	0	0	0	0	0	0	0	0	0	0	0	0	0	0	0	0	0	0	0	0	0	0	0	0	0	0	0	0	0	0	0	0	0	0	0	0
Tetracycline |tetU	0	0	0	0	0	0	0	0	0	0	0	0	0	0	0	0	0	0	0	0	0	0	0	0	0	0	0	0	0	0	0	0	0	0	0	0	0	0	0	0	0	0	0	0	0	0	0	0	0	0	0	0	0	0	0	0	0	0	0	0	0	0	0	0	0	0	0	0
Tetracycline |tetA	0	0	0	0	0	0	0	0	0	0	0	0	0	0	0	0	0	0	0	0	0	0	0	0	0	0	0	0	0	0	0	0	0.00035532	0	0	0	0	0	0	0	0	0	0	0	0	0	0	0	0	0	0	0	0	0	0	0	0	0	0	0	0	0	0	0	0	0	0	0
Tetracycline |tetB	0	0	0	0	0	0	0	0	0	0	0	0	0	0	0	0	0	0	0	0	0	0	0	0	0	0	0	0	0	0	0	0	0	0	0	0	0	0	0	0	0	0	0	0	0	0	0	0	0	0	0	0	0	0	0	0	0	0	0	0	0	0	0	0	0	0	0	0
Tetracycline |tetK	0	0	0	0	0	0	0	0	0	0	0	0	0	0	0	0	0	0	0	0	0	0	0	0	0	0	0	0	0	0	0	0	0	0	0	0	0	0	0	0	0	0	0	0	0	0	0	0	0	0	0	0	0	0	0	0	0	0	0	0	0	0	0	0	0	0	0	0
Tetracycline |tetQ	0	0	0	0	0	0	0	0	0	0	0	0	0	0	0	0	0	0	0	0	0	0	0	0	0	0	0	0	0	1.90E-05	0	0	0	0	0	0	0	0	0	0	0	0	0	0	0	0	0	0	0	0	0	0	0	0	0	0	0	0	0	0	0	0	0	0	0	0	0	0
Tetracycline |tetH	0	0	0	0	0	0	0	0	0	0	0	0	0	0	0	0	0	0	0	0	0	0	0	0	0	0	0	0	0	0	0	0	0	0	0	0	0	0	0	0	0	0	0	0	0	0	0	0	0	0	0	0	0	0	0	0	0	0	0	0	0	0	0	0	0	0	0	0
Tetracycline |tetW	0	0	0	0	0	0	0	0	0	0	0	0	0	0	0	0	0	0	0	0	0	0	0	0	0	0	0	0	0	1.59E-05	4.07E-05	0	0	0	0	0	0	0	0.000101857	0	0	0	0	0	0	0	0	0	0	0	0	0	0	0	0	0	0	0	0	0	0	0	0	0	0	0	0.000103191	0
Tetracycline |tetO	0	0	0	0	0	0	0	0	0	0	0	0	0	0	0	0	0	0	0	0	0	0	0	0	0	0	0	0	0	0	0	0	0	0	0	0	0	0	0	0	0	0	0	0	0	0	0	0	0	0	0	0	0	0	0	0	0	0	0	0	0	0	0	0	0	0	0	0
Tetracycline |tetL	0	0	0	0	0	0	0	0	0	0	0	0	0	0	0	0	0	0	0	0	0	0	0	0	0	0	0	0	0	0	0	0	0	0	0	0	0	0	0	0	0	0	0	0	0	0	0	0	0	0	0	0	0	0	0	0	0	0	0	0	0	0	0	0	0	0	0	0
Tetracycline |tetX	0	0	0	0	0	0	0	0	0	0	0	0	0	0	0	0	0	0	0	0	0	0	0	0	0	0	0	0	0	0	0	0	0	0	0	0	0	0	0	0	0	0	0	0	0	0	0	0	0	0	0	0	0	0	0	0	0	0	0	0	0	0	0	0	0	0	0	0
Tetracycline |tetC	0	0	0	0	0	0	0	0	0	0	0	0	0	0	0	0	0	0	0	0	0	0	0	0	0	0	0	0	0	0	0	0	0	0	0	0	0	0	0	0	0	0	0	0	0	0	0	0	0	0	0	0	0	0	0	0	0	0	0	0	0	0	0	0	0	0	0	0
Tetracycline |tetS	0	0	0	0	0	0	0	0	0	0	0	0	0	0	0	0	0	0	0	0	0	0	0	0	0	0	0	0	0	0	0	0	0	0	0	0	0	0	0	0	0	0	0	0	0	0	0	0	0	0	0	0	0	0	0	0	0	0	0	0	0	0	0	0	0	0	0	0
Tetracycline |tetV	0	0	0	0	0	0	0	0	0	0	0	0	0	0	0	0	0	0	0	0	0	0	0	0	0	0	0	0	0	0	0	0	0	0	0	0	0	0	0	0	1.12E-05	0	0	0	0	0	0	0	0	0	0	0	5.88E-07	0	0	0	0	0	0	0	0	0	0	0	0	0	0	0
Tetracycline |tetE	0	0	0	0	0	0	0	0	0	0	0	0	0	0	0	0	0	0	0	0	0	0	0	0	0	0	0	0	0	0	0	0	0	0	0	0	0	0	0	0	0	0	0	0	0	0	0	0	0	0	0	0	0	0	0	0	0	0	0	0	0	0	0	0	0	0	0	0
Tetracycline |tetT	0	0	0	0	0	0	0	0	0	0	0	0	0	0	0	0	5.48E-07	0	0	0	0	0	0	0	0	0	0	0	0	0	0	0	0	0	0	0	0	0	0	0	0	0	0	0	0	0	0	0	0	0	0	0	0	0	0	0	0	0	0	0	0	0	0	0	0	0	0	0
Tetracycline |tet(36)	0	0	0	0	0	0	0	0	0	0	0	0	0	0	0	0	0	0	0	0	0	0	0	0	0	0	0	0	0	0	0	0	0	0	0	0	0	0	0	0	1.49E-05	0	0	0	0	0	0	0	0	0	0	0	0	0	0	0	0	0	0	0	0	0	0	0	0	0	0	0
Tetracycline |tetPA	2.39E-05	9.34E-06	6.12E-05	0.000116392	9.91E-05	7.44E-05	8.58E-05	0.000240989	4.21E-05	1.66E-05	6.39E-05	2.74E-05	1.81E-05	3.79E-05	2.36E-05	5.13E-05	4.78E-06	3.73E-05	9.14E-06	1.96E-05	1.09E-05	9.76E-05	3.51E-05	7.97E-05	8.26E-05	3.42E-05	2.07E-05	9.67E-06	7.34E-06	4.52E-05	1.07E-05	0.000123732	0	3.18E-05	0	0	0	3.27E-06	1.07E-05	0.000344725	8.92E-05	2.89E-05	4.69E-06	0	6.68E-06	7.77E-05	5.87E-06	1.38E-05	7.36E-05	7.19E-05	4.90E-06	2.62E-05	4.45E-05	6.76E-06	9.75E-06	8.22E-05	3.05E-05	0.000154581	4.30E-05	6.86E-05	0.000335141	3.19E-05	3.68E-05	3.66E-05	6.48E-05	0.000200333	0.000218824	9.19E-05
Tetracycline |tetM	0	0	0	0	0	0	0	0	0	0	0	0	0	0	0	0	0	0	0	0	0	0	0	0	0	0	0	0	0	0	0	0	0	0	0	0	0	0	0	0	0	0	0	0	0	0	0	0	0	0	0	0	0	0	0	0	0	0	0	0	0	0	0	0	0	0	0.000262519	0
Tetracycline |tetJ	0	0	0	0	0	0	0	0	0	0	0	0	0	0	0	0	0	0	0	0	0	0	0	0	0	0	0	0	0	0	0	0	0	0	0	0	0	0	0	0	0	0	0	0	0	0	0	0	0	0	0	0	0	0	0	0	0	0	0	0	0	0	0	0	0	0	0	0
Tetracycline |tet(38)	0	0	0	0	0	0	0	0	0	0	0	0	0	0	0	0	0	0	0	0	0	0	0	0	0	0	0	0	0	0	0	0	0	0	0	0	0	0	0	0	0	0	0	0	0	0	0	0	0	0	0	0	0	0	0	0	0	0	0	0	0	0	0	0	0	0	0	0
Tetracycline |tet44	0	0	0	0	0	0	0	0	0	0	0	0	0	0	0	0	0	0	0	0	0	0	0	0	0	0	0	0	0	0	0	0	0	0	0	0	0	0	0	0	0	0	0	0	0	0	0	0	0	0	0	0	0	0	0	0	0	0	0	0	0	0	0	0	0	0	0	0
Trimethoprim|dfrA1	0	0	0	0	0	0	0	0	0	0	0	0	0	0	0	0	0	0	0	0	0	0	0	0	0	0	0	0	0	0	0	0	0	0	0	0	0	0	0	0	0	0	0	0	0	0	0	0	0	0	0	0	0	0	0	0	0	0	0	0	0	0	0	0	0	0	0	0
Trimethoprim|dfrA12	0	0	0	0	0	0	0	0	0	0	0	0	0	0	0	0	0	0	0	0	0	0	0	0	0	0	0	0	0	0	0	0	0	0	0	0	0	0	0	0	0	0	0	0	0	0	0	0	0	0	0	0	0	0	0	0	0	0	0	0	0	0	0	0	0	0	0	0
Trimethoprim|dfra14	0	0	0	0	0	0	0	0	0	0	0	0	0	0	0	0	0	0	0	0	0	0	0	0	0	0	0	0	0	0	0	0	0	0	0	0	0	0	0	0	0	0	0	0	0	0	0	0	0	0	0	0	0	0	0	0	0	0	0	0	0	0	0	0	0	0	0	0
Trimethoprim|dfra17	0	0	0	0	0	0	0	0	0	0	0	0	0	0	0	0	0	0	0	0	0	0	0	0	0	0	0	0	0	0	0	0	0	0	0	0	0	0	0	0	0	0	0	0	0	0	0	0	0	0	0	0	0	0	0	0	0	0	0	0	0	0	0	0	0	0	0	0
Trimethoprim|dfra7	0	0	0	0	0	0	0	0	0	0	0	0	0	0	0	0	0	0	0	0	0	0	0	0	0	0	0	0	0	0	0	0	0	0	0	0	0	0	0	0	0	0	0	0	0	0	0	0	0	0	0	0	0	0	0	0	0	0	0	0	0	0	0	0	0	0	0	0
Trimethoprim|dfra21	0	0	0	0	0	0	0	0	0	0	0	0	0	0	0	0	0	0	0	0	0	0	0	0	0	0	0	0	0	0	0	0	0	0	0	0	0	0	0	0	0	0	0	0	0	0	0	0	0	0	0	0	0	0	0	0	0	0	0	0	0	0	0	0	0	0	0	0
Trimethoprim|dfra5	0	0	0	0	0	0	0	0	0	0	0	0	0	0	0	0	0	0	0	0	0	0	0	0	0	0	0	0	0	0	0	0	0	0	0	0	0	0	0	0	0	0	0	0	0	0	0	0	0	0	0	0	0	0	0	0	0	0	0	0	0	0	0	0	0	0	0	0
Trimethoprim|dfrA8	0	0	0	0	0	0	0	0	0	0	0	0	0	0	0	0	0	0	0	0	0	0	0	0	0	0	0	0	0	0	0	0	0	0	0	0	0	0	0	0	0	0	0	0	0	0	0	0	0	0	0	0	0	0	0	0	0	0	0	0	0	0	0	0	0	0	0	0
Trimethoprim|dfrA10	0	0	0	0	0	0	0	0	0	0	0	0	0	0	0	0	0	0	0	0	0	0	0	0	0	0	0	0	0	0	0	0	0	0	0	0	0	0	0	0	0	0	0	0	0	0	0	0	0	0	0	0	0	0	0	0	0	0	0	0	0	0	0	0	0	0	0	0
Trimethoprim|dfrA15	0	0	0	0	0	0	0	0	0	0	0	0	0	0	0	0	0	0	0	0	0	0	0	0	0	0	0	0	0	0	0	0	0	0	0	0	0	0	0	0	0	0	0	0	0	0	0	0	0	0	0	0	0	0	0	0	0	0	0	0	0	0	0	0	0	0	0	0
Trimethoprim|dfrA18	1.26E-06	0	0	0	0	0	0	0	0	0	0	0	0	0	0	0	0	2.00E-06	0	0	0	0	0	0	0	0	0	0	0	0	0	6.41E-06	0	0	0	0	0	0	0	0	0	0	0	0	0	0	0	0	0	0	0	0	0	0	0	0	0	0	0	0	0	0	0	0	0	0	0	0
Trimethoprim|dfrA22	0	0	0	0	0	0	0	0	0	0	0	0	0	0	0	0	0	0	0	0	0	0	0	0	0	0	0	0	0	0	0	0	0	0	0	0	0	0	0	0	0	0	0	0	0	0	0	0	0	0	0	0	0	0	0	0	0	0	0	0	0	0	0	0	0	0	0	0
Trimethoprim|dfrA25	0	0	0	0	0	0	0	0	0	0	0	0	0	0	0	0	0	0	0	0	0	0	0	0	0	0	0	0	0	0	0	0	0	0	0	0	0	0	0	0	0	0	0	0	0	0	0	0	0	0	0	0	0	0	0	0	0	0	0	0	0	0	0	0	0	0	0	0
Trimethoprim|dfrA27	0	0	0	0	0	0	0	0	0	0	0	0	0	0	0	0	0	0	0	0	0	0	0	0	0	0	0	0	0	0	0	0	0	0	0	0	0	0	0	0	0	0	0	0	0	0	0	0	0	0	0	0	0	0	0	0	0	0	0	0	0	0	0	0	0	0	0	0
Trimethoprim|dfrAB4	0	0	0	0	0	0	0	0	0	0	0	0	0	0	0	0	5.50E-07	0	0	0	0	0	0	0	0	0	0	0	0	0	0	0	0	0	0	0	0	0	0	0	0	0	0	0	0	0	0	0	0	0	0	0	0	0	0	0	0	0	0	0	0	0	0	0	0	0	0	0
Trimethoprim|dfrC	0	0	0	0	0	0	0	0	0	0	0	0	0	0	0	0	0	0	0	0	0	0	0	0	0	0	0	0	0	0	0	0	0	0	0	0	0	0	0	0	0	0	0	0	0	0	0	0	0	0	0	0	0	0	0	0	0	0	0	0	0	0	0	0	0	0	0	0
Trimethoprim|dfrG	0	0	0	0	0	0	0	0	0	0	0	0	0	0	0	0	0	0	0	0	0	0	0	0	0	0	0	0	0	0	0	0	0	0	0	0	0	0	0	0	0	0	0	0	0	0	0	0	0	0	0	0	0	0	0	0	0	0	0	0	0	0	0	0	0	0	0	0
Trimethoprim|dfrK	0	0	0	0	0	0	0	0	0	0	0	0	0	0	0	0	0	0	0	0	0	0	0	0	0	0	0	0	0	0	0	0	0	0	0	0	0	0	0	0	0	0	0	0	0	0	4.31E-07	0	0	0	0	0	0	0	0	0	0	0	0	0	0	0	0	0	0	0	0	0
Trimethoprim|dfrBmulti	0	0	0	0	0	0	0	0	0	0	0	0	0	0	0	0	0	0	0	0	0	0	0	0	0	0	0	0	0	0	0	0	0	0	0	0	0	0	0	0	0	0	0	0	0	0	0	0	0	0	0	0	0	0	0	0	0	0	0	0	0	0	0	0	0	0	0	0
Vancomycin|VanB	0	0	0	0	0	0	0	0	0	0	0	0	0	0	0	0	0	0	0	0	0	0	0	0	0	0	0	0	0	0	0	0	0	0	0	0	0	0	0	0	0	0	0	0	0	0	0	0	0	0	0	0	0	0	0	0	0	0	0	0	0	0	0	0	0	0	0	0
Vancomycin|vanD	0	0	0	0	0	5.63E-06	0	0	0	0	0	0	0	0	0	0	0	0	0	0	0	0	0	0	0	0	0	0	0	0	0	0	0	0	0	0	0	0	0	0	0	0	0	0	0	0	0	0	0	0	0	0	0	0	0	0	0	0	0	0	0	0	0	0	0	0	0	0
Vancomycin|vanHD	0	0	0	0	0	0	0	0	0	0	0	0	0	0	0	0	0	0	0	0	0	0	0	0	0	0	0	0	0	0	0	0	0	0	0	0	0	0	0	0	0	0	0	0	0	0	0	0	0	0	0	0	0	0	0	0	0	0	0	0	0	0	0	0	0	0	0	0
Vancomycin|vanHB	0	0	0	0	0	0	0	0	0	0	0	0	0	0	0	0	0	0	0	0	0	0	0	0	0	0	0	0	0	0	0	0	0	0	0	0	0	0	0	0	0	0	0	0	0	0	0	0	0	0	0	0	0	0	0	0	0	0	0	0	0	0	0	0	0	0	0	0
Vancomycin|vanRA	0	0	0	0	0	0	0	0	0	0	0	0	0	0	0	0	0	0	0	0	0	0	0	0	0	0	0	0	0	0	0	0	0	0	0	0	0	0	0	0	0	0	0	0	0	0	0	0	0	0	0	0	0	0	0	0	0	0	0	0	0	0	0	0	0	0	0	0
Vancomycin|vanSA	0	0	0	0	0	0	0	0	0	0	0	0	0	0	0	0	0	0	0	0	0	0	0	0	0	0	0	0	0	0	0	0	0	0	0	0	0	0	0	0	0	0	0	0	0	0	0	0	0	0	0	0	0	0	0	0	0	0	0	0	0	0	0	0	0	0	0	0
Vancomycin|vanWB	0	0	0	0	0	0	0	0	0	0	0	0	0	0	0	0	0	0	0	0	0	0	0	0	0	0	0	0	0	0	0	0	0	0	0	0	0	0	0	0	0	0	0	0	0	0	0	0	0	0	0	0	0	0	0	0	0	0	0	0	0	0	0	0	0	0	0	0
Vancomycin|vanXB	0	0	0	0	0	0	0	0	0	0	0	0	0	0	0	0	0	0	0	0	0	0	0	0	0	0	0	0	0	0	0	0	0	0	0	0	0	0	0	0	0	0	0	0	0	0	0	0	0	0	0	0	0	0	0	0	0	0	0	0	0	0	0	0	0	0	0	0
Vancomycin|vanRB	0	0	0	0	0	0	0	0	0	0	0	0	0	0	0	0	0	0	0	0	0	0	0	0	0	0	0	0	0	0	0	0	0	0	0	0	0	0	0	0	0	0	0	0	0	0	0	0	0	0	0	0	0	0	0	0	0	0	0	0	0	0	0	0	0	0	0	0
Vancomycin|vanRC	0	0	0	0	0	0	0	0	0	0	0	0	0	0	0	0	0	0	0	0	0	0	0	0	0	0	0	0	0	0	4.49E-07	0	0	0	0	0	0	0	0	0	0	0	0	0	0	0	0	0	0	0	0	0	0	0	0	0	0	0	0	0	0	0	0	0	0	0	0	0
Vancomycin|vanRC4	0	0	0	0	0	0	0	0	0	0	0	0	0	0	0	0	0	0	0	0	0	0	0	0	0	0	0	0	0	0	0	0	0	0	0	0	0	0	0	0	0	0	0	0	0	0	0	0	0	0	0	0	0	0	0	0	0	0	0	0	0	0	0	0	0	0	0	0
Vancomycin|vanRD	0	0	0	0	0	0	0	0	0	0	0	0	0	0	0	0	0	0	0	0	0	0	0	0	0	0	0	1.24E-06	0	0	0	0	0	0	0	0	0	0	0	0	0	0	0	0	0	0	0	0	0	0	0	0	0	0	0	0	0	0	0	0	0	9.96E-06	0	0	0	0	0	0
Vancomycin|vanSC	0	0	0	0	0	0	0	0	0	0	0	0	0	0	0	0	0	0	0	0	0	0	0	0	0	0	0	0	0	0	0	0	0	0	0	0	0	0	0	0	0	0	0	0	0	0	0	0	0	0	0	0	0	0	0	0	0	0	0	0	0	0	0	0	0	0	0	0
Vancomycin|vanSE	0	0	0	0	0	0	0	0	0	0	0	0	0	0	0	0	0	0	0	0	0	0	0	0	0	0	0	0	0	0	0	0	0	0	0	0	0	0	0	0	0	0	0	0	0	0	0	0	0	0	0	0	0	0	0	0	0	0	0	0	0	0	0	0	0	0	0	0
Vancomycin|vanTE	0	0	0	0	0	0	0	0	0	0	0	0	0	0	0	0	0	0	0	0	0	0	0	0	0	0	0	0	0	0	0	0	0	0	0	0	0	0	0	0	0	0	0	0	0	0	0	0	0	0	0	0	0	0	0	0	0	0	0	0	0	0	0	0	0	0	0	0
Vancomycin|vanTC	0	0	0	0	0	0	0	0	0	0	0	0	0	0	0	0	0	0	0	0	0	0	0	0	0	0	0	0	0	0	0	0	0	0	0	0	0	0	0	0	0	0	0	0	0	0	0	0	0	0	0	0	0	0	0	0	0	0	0	0	0	0	0	0	0	0	0	0
Vancomycin|vanTG	0	0	0	0	0	0	0	0	0	0	0	0	0	0	0	0	0	0	0	0	0	0	0	0	0	0	0	0	0	0	0	0	0	0	0	0	0	0	0	0	0	0	0	0	0	0	0	0	0	0	0	0	0	0	0	0	0	0	0	0	0	0	0	0	0	0	0	0
Vancomycin|vanYB	0	0	0	0	0	0	0	0	0	0	0	0	0	0	0	0	0	0	0	0	0	0	0	0	0	0	0	0	0	0	0	0	0	0	0	0	0	0	0	0	0	0	0	0	0	0	0	0	0	0	0	0	0	0	0	0	0	0	0	0	0	0	0	0	0	0	0	0
Vancomycin|vanYD	0	0	0	0	0	0	0	0	0	0	0	0	0	0	0	0	0	0	0	0	0	0	0	0	0	0	0	0	0	0	0	0	0	0	0	0	0	0	0	0	0	0	0	0	0	0	0	0	0	0	0	0	0	0	0	0	0	0	0	0	0	2.94E-06	0	0	0	0	0	0
Vancomycin|vanG	0	0	0	0	0	0	0	0	0	0	0	0	0	0	0	0	0	0	0	0	0	0	0	0	0	0	0	0	0	0	0	0	0	0	0	0	0	0	0	0	0	0	0	0	0	0	0	0	0	0	0	0	0	0	0	0	0	0	0	0	0	0	0	0	0	0	0	0
Vancomycin|vanC2/vanC3	6.84E-05	7.15E-06	7.12E-05	5.24E-05	0	0.0001066	0	0.002196329	6.02E-05	5.14E-06	0	1.74E-05	6.99E-07	0.000124678	0	1.48E-05	2.00E-06	4.80E-06	0	8.36E-06	3.62E-06	6.08E-05	4.40E-05	0	1.72E-05	1.86E-05	1.30E-06	2.84E-07	0.000162346	7.86E-05	7.01E-05	2.32E-05	0	0	0	0	0	0	0	8.65E-05	8.24E-05	1.51E-05	2.64E-06	0	6.62E-06	0.001605011	5.43E-06	4.02E-06	6.93E-05	8.83E-05	0	4.10E-06	1.49E-05	2.85E-06	9.11E-05	0.000195375	2.04E-06	6.65E-05	0.0002113	0.000332891	0.000461732	0.000457787	3.51E-06	0	1.14E-05	0.000517465	0	0
Vancomycin|vanA	0	0	0	0	0	0	0	0	0	0	0	0	0	0	0	0	0	0	0	0	0	0	0	0	0	0	0	0	0	0	0	0	0	0	0	0	0	0	0	0	0	0	0	0	0	0	0	0	0	0	0	0	0	0	0	0	0	0	0	0	0	0	0	0	0	0	0	0
Vancomycin|vanXA	0	0	0	0	0	0	0	0	0	0	0	0	0	0	0	0	0	0	0	0	0	0	0	0	0	0	0	0	0	0	0	0	0	0	0	0	0	0	0	0	0	0	0	0	0	0	0	0	0	0	0	0	0	0	0	0	0	0	0	0	0	0	0	0	0	0	0	0
Vancomycin|vanSB	0	0	0	0	0	0	0	0	0	0	0	0	0	0	0	0	0	0	0	0	0	0	0	0	0	0	0	0	0	0	0	0	0	0	0	0	0	0	0	0	0	0	0	0	0	0	0	0	0	0	0	0	0	0	0	0	0	0	0	0	0	5.11E-07	0	0	0	0	0	0