OTU_ID	CD02	CD04	CD06	CD07	CD09	CD10	CD11	CD12	CD13	CD15	CD16	CD18	CD19	CD21	CD24	CD25	CD27	CD31	CD32	CD33	CD34	CD37	CD38	CD40	CD42	CD43	CD44	CD49	CD52	CD56	PE04	PE06	PE08	PE09	PE10	PE13	PE19	PE23	PE25	PE26	PE28	PE29	PE32	PE33	PE34	PE36	PE37	PE43	PE44	PE46	PE48	PE49	PE50	PE52	PE54	PE55	PE57	PE58	PE60	PE61	R01	R02	R03	R04	R05	R06	R07	R08
e22bef63416c7077d44457219635d355	5799	2184	6555	3861	3586	5634	2122	1170	2074	4194	4501	5200	6010	3163	2915	3608	1938	858	4742	2785	1543	1436	4019	2821	4970	3484	1525	2675	3943	4488	7146	6661	129	3838	7883	4581	6518	5880	5195	3932	4581	4549	5860	8482	1428	2797	4675	3068	4047	3904	3984	4207	3842	5823	8215	6548	3027	3318	5606	8176	2548	1228	6822	4292	1598	2321	1090	3546
9acb555d3c5dd77e9035a661e7ad1bb6	3870	3504	2424	5100	5333	5690	1970	1390	6241	4794	3942	6124	2659	5052	4575	3464	2266	5008	9733	5131	7078	6798	7094	6394	2049	1750	6149	4344	4842	4246	4102	3310	397	4099	2762	4452	2002	5810	3095	3203	1433	2561	3222	3426	1418	1965	2547	4461	877	1982	2319	4602	3929	2508	3637	4219	1288	1846	3751	4667	6811	5135	8913	1964	1806	2778	2321	6997
653d3123d98173d76f7937e6a409b759	6518	5901	7704	6863	8431	7373	8972	6239	6407	6822	8033	5097	5137	4783	6409	3998	6974	2422	8158	3005	8657	3733	7079	9135	3935	3881	6182	7401	6130	6375	7860	7539	7192	6274	8075	6409	5945	8439	5072	5067	5041	5133	7656	8831	11591	3531	8875	3663	3803	3864	6764	6348	6230	4755	7024	5789	3524	5068	11122	7747	8252	8127	8568	4745	4288	6292	5019	7175
9e30a8cd5497999ef72ebab2127cadb5	2414	1830	2666	4191	2271	2449	4639	2115	1375	2232	2806	1297	2495	1670	1956	1449	2109	1155	2470	1531	2124	1498	1378	2823	1993	966	1361	1907	2923	2086	1687	2215	3329	1572	1491	2450	1704	1930	1106	1529	987	1704	1979	3196	4216	437	2795	1180	1528	1546	3449	2296	2039	1419	2761	1414	1028	1009	2916	2823	2916	2428	2969	855	1967	1294	1222	2063
3e80a1c4fa1c52a13349f2a07ba8f34d	517	1409	2954	1319	963	3476	198	1045	1097	864	1744	2261	4715	859	864	449	493	665	1741	155	257	443	2910	384	44	2920	817	28	171	2440	3562	4270	249	1904	5825	1081	5018	4205	2969	1730	3972	3996	4709	3457	1159	1772	3442	1833	4068	1640	3331	2059	2259	2023	2448	4405	1453	2158	3607	6783	313	1144	54	85	2449	387	328	384
753e70edc1e6644f9cc8f363af768671	5105	1066	1708	1614	1651	648	3667	1220	156	1355	3289	277	337	808	1328	1075	1983	445	1483	3201	589	1803	826	1751	3278	426	433	9171	606	2068	449	2361	489	705	757	6129	482	2370	422	3320	400	1281	659	1728	832	325	2066	1374	433	1205	2230	3901	2892	2184	2752	1868	866	266	1897	1393	960	746	1904	4152	1687	2803	433	2019
abb76c574b475aa365291e60e0591ae1	901	498	806	1941	506	1457	389	972	2271	1504	1055	1604	1768	1384	430	761	547	1034	2087	266	721	245	2219	459	306	1635	1864	185	2403	1241	2368	2106	708	1354	2111	961	1869	1882	1395	947	1128	1531	1380	2037	336	559	1505	870	1462	957	1418	881	587	1050	1510	1280	868	829	1279	3396	430	1579	1469	317	854	852	1812	1098
11f6961a2ae6df3f53c7513396885213	407	63	78	601	38	767	13	2051	3893	1682	339	2235	38	1070	339	553	47	1649	1450	109	387	208	2128	68	81	1032	2641	18	3765	191	172	1378	138	2102	714	151	229	478	181	1002	404	654	2801	253	314	735	213	535	9	566	462	600	193	213	1619	1401	15	498	304	1963	53	7091	1706	150	99	2338	2241	1460
87e76e125b3690fabab85124a7d42a3d	683	556	620	1341	703	1009	2096	916	385	563	1096	420	800	627	346	721	459	365	753	546	1240	493	519	1090	889	417	779	707	990	1045	645	903	2692	1145	1308	1164	1299	937	694	608	525	1156	1010	1071	3915	761	637	411	712	646	988	562	732	626	985	680	392	951	1264	1383	1241	1691	998	618	1194	945	963	1375
73862f0e53acbd0a388cd99344ff66bd	447	635	321	1624	935	888	820	331	748	733	832	621	558	598	1240	398	486	470	804	670	482	280	616	487	249	400	644	1028	530	565	859	671	251	494	1334	858	1003	461	828	814	440	624	782	723	850	484	1452	342	809	509	748	777	695	652	802	723	263	864	720	1011	855	1349	695	226	637	453	396	515
2cac53b021d7555f3190977c95bb9725	371	765	2723	962	1056	427	1674	88	65	449	1193	156	387	316	545	260	1097	98	741	1988	1033	444	248	829	117	42	295	2951	180	1193	158	233	231	91	121	953	34	114	103	279	42	119	167	139	146	40	640	130	359	205	804	998	332	134	280	259	647	89	632	182	4482	1226	1398	1961	1471	1351	611	2491
90d914c3852b88610d7b3809d5330c5f	36	350	480	496	0	34	74	326	931	567	1259	384	233	264	0	24	130	362	853	69	26	42	692	32	993	787	821	1983	928	1880	1534	795	739	1938	1431	71	618	3838	2253	1088	880	808	1357	1719	490	821	1497	1301	380	1077	542	447	2637	781	580	594	1559	146	1502	1937	133	422	1413	1579	1771	1188	694	693
78e330c19d0c0461704da8545a028330	340	261	234	808	410	464	390	385	284	469	577	264	385	284	434	307	245	187	349	287	882	228	342	376	433	343	377	69	380	514	479	494	711	577	566	523	339	274	380	585	370	354	443	414	958	301	379	192	295	204	384	283	425	150	328	153	229	287	720	701	578	889	752	40	623	368	399	347
c88d9c510cf6e7f31c034b52241fc19a	491	1025	454	950	829	962	626	969	711	728	1306	725	304	631	373	549	252	635	1031	658	869	673	859	801	198	426	916	190	1238	653	523	547	1620	645	710	1233	644	655	583	607	445	590	761	895	1124	524	1206	550	647	487	643	288	437	409	726	405	306	360	809	821	217	1311	358	289	767	621	346	428
27f098662c8f87b4aaff903d9c0f28d3	310	70	29	292	0	342	8	3950	23	18	6	11	51	97	38	41	61	48	32	9	96	428	54	34	10	28	0	5	400	174	431	101	99	36	90	0	209	288	55	300	164	340	505	276	541	663	302	65	133	121	12	34	19	173	156	371	0	17	207	429	237	574	0	0	0	274	0	0
0d4f19da7dfaf3d2ea591561ad80653b	15	15	0	349	0	32	0	195	27	276	24	117	14	164	9	264	0	0	0	7	41	7	46	26	1831	11	84	307	579	71	13	217	1023	170	93	410	31	68	0	794	76	121	241	68	608	43	73	39	82	166	213	376	684	243	379	139	27	56	416	151	24	0	326	39	397	27	0	367
2c982937754e6321f861027032db80f7	76	80	27	179	42	14	0	149	56	120	405	260	1435	129	100	59	171	15	17	43	27	119	31	157	54	23	0	1349	173	275	189	424	140	68	266	1026	288	204	58	303	49	213	219	76	87	173	113	107	135	88	235	70	188	518	233	59	22	41	170	626	114	39	55	23	30	68	0	0
cbe95a8bfdf047e034c2121588d6d033	167	106	199	215	293	82	344	379	94	110	146	42	135	109	126	116	154	46	188	96	99	51	77	195	165	82	95	120	108	183	142	146	147	83	153	265	76	82	75	143	44	123	84	132	129	21	103	43	97	101	178	114	253	138	99	94	73	46	194	221	149	136	125	115	118	82	45	60
6c50cfabaf2d81ca1729276924620d45	37	120	0	61	61	72	102	396	60	151	226	82	0	198	135	134	63	135	174	103	418	61	107	144	0	33	270	391	106	89	55	146	577	54	36	150	71	119	37	110	30	213	86	52	509	68	196	72	28	75	72	138	74	80	117	106	0	93	129	133	320	170	109	51	42	80	73	169
3b010dbd9eae72a79f11af5d24eb3ca3	0	284	3	169	135	369	109	113	49	71	13	25	0	17	4	545	28	215	5	21	41	51	81	0	52	0	0	0	87	313	22	0	688	244	206	1286	98	18	29	836	267	235	109	604	200	176	146	22	79	7	3	22	229	7	10	0	32	17	16	3	0	130	0	0	0	53	264	0
1a88b974f6209178e371b2eaf5d5f6ad	28	35	0	47	59	56	119	204	42	47	101	115	0	138	117	93	36	92	75	21	177	0	90	40	41	22	122	42	95	0	44	126	667	162	233	101	104	70	55	40	34	79	187	135	531	204	97	32	0	65	70	134	48	0	162	55	89	57	77	197	22	292	30	50	54	101	57	65
503f92642a6a8a8fb5936ba9e8cde803	76	43	0	201	144	49	149	100	18	49	69	0	0	82	86	39	68	53	75	130	353	55	26	229	38	14	63	210	51	31	56	24	70	28	74	97	63	19	39	37	23	81	60	130	234	44	36	0	29	39	53	45	32	11	59	51	0	84	20	60	81	213	69	22	111	70	61	105
e5a537dba56ef35b2a4de5b2e3785fca	4	0	0	14	0	15	0	264	0	0	3	0	1902	0	0	0	8	0	0	0	0	440	0	0	0	8	0	0	50	12	63	37	232	88	5	188	60	91	8	332	21	36	52	27	71	144	25	14	31	10	0	0	11	35	0	0	0	0	26	344	0	0	96	0	0	0	0	0
8730d47067d979434ab3853db54017fa	81	26	26	226	8	238	10	35	0	0	188	16	768	37	51	7	23	6	6	17	0	69	0	25	0	32	5	102	25	85	16	95	13	18	0	15	144	14	0	21	31	9	128	108	27	76	39	170	26	24	132	12	0	64	46	15	0	0	35	240	9	40	22	29	19	67	0	0
e329eb8de457b265002c312481aebb28	29	40	38	96	4	54	22	28	37	60	182	12	0	36	211	28	24	8	17	24	138	36	22	81	22	0	29	74	18	48	0	44	498	29	70	211	83	71	0	108	27	40	0	32	43	24	135	98	61	20	58	31	72	25	24	39	18	37	107	30	60	16	36	20	33	46	14	35
1ce4898f124e8fffe68db10b2a467699	33	30	12	35	21	27	20	34	47	41	40	37	44	24	8	19	73	13	59	36	12	30	69	19	16	8	13	0	61	17	34	137	11	67	24	66	50	13	40	132	0	15	34	104	12	9	31	20	40	21	51	44	44	66	8	17	8	9	20	183	98	243	39	0	65	190	0	32
9661c408d03849548f118a5d7eddd146	0	11	8	28	0	68	70	0	10	21	22	0	120	0	0	88	12	13	6	0	0	0	0	145	0	7	0	0	0	22	34	183	0	282	62	0	0	0	96	40	4	8	178	49	0	25	10	0	48	63	88	40	195	47	87	13	21	0	43	40	76	42	39	0	152	27	29	66
30d32705c2a41002453e50c2bc97320d	23	286	14	70	104	62	39	78	14	94	55	0	27	0	107	36	0	0	31	0	127	0	10	86	16	4	0	0	0	65	0	0	0	0	64	13	49	23	38	86	24	146	0	59	73	13	312	21	77	15	73	102	0	16	15	45	8	163	86	96	0	0	0	0	0	0	0	0
16a5ebc4c9e53bec6ca09c12d344bed4	0	14	0	31	14	12	33	9	0	22	43	0	21	0	41	0	11	0	0	7	0	8	10	35	43	0	8	53	0	10	0	30	569	7	27	307	0	0	0	96	0	19	9	0	0	0	26	0	20	0	10	0	45	14	0	21	18	0	51	17	38	0	35	4	0	16	0	26
0e46b111281412394d7ba9fb4f42534c	39	37	0	105	65	177	61	43	0	28	53	0	22	0	0	26	9	0	0	7	59	55	0	77	12	13	0	0	0	26	58	24	81	22	108	63	126	18	40	59	15	52	39	77	30	30	69	12	26	12	12	7	0	5	20	0	8	16	67	49	39	0	0	0	0	0	0	0
d3cefb30982e5e300cc75329d0e848e5	0	18	0	28	37	34	0	0	0	0	0	0	0	19	0	0	0	0	0	0	37	0	0	29	0	0	0	0	0	0	62	25	46	0	25	19	35	18	120	41	12	61	21	0	56	29	91	0	120	31	158	20	47	5	11	165	0	5	6	46	0	0	0	0	95	0	0	0
cca64b9fa329ada9fd59c2ebdc04812d	24	36	34	36	65	14	36	0	17	49	59	17	16	19	59	51	31	13	50	43	178	2	11	26	25	0	25	3	25	66	5	0	15	0	22	54	5	0	23	12	2	6	22	5	17	10	10	0	12	6	17	0	3	11	0	0	3	8	3	0	45	32	22	0	30	4	17	11
39d0925481ceb02ab88e04062025cad4	0	19	52	44	28	62	0	32	63	22	43	39	0	24	0	0	0	12	0	0	21	11	13	0	0	0	20	5	34	19	0	0	36	24	0	25	16	0	0	26	0	20	23	19	0	17	39	16	0	12	0	18	28	23	21	8	11	0	21	18	69	157	18	0	27	40	29	30
6fb11fe55c8144627ab0a972cd6f7306	21	8	0	27	0	61	0	12	11	21	21	19	14	0	0	28	19	0	8	8	7	20	18	3	0	0	7	0	26	25	0	72	11	24	39	21	27	5	0	44	5	9	57	20	7	20	31	23	26	11	22	14	8	32	6	18	15	3	0	49	38	62	22	0	26	27	5	22
945184b6386c192c0066e0a98a154780	0	0	0	0	0	0	0	0	0	0	0	0	3	5	43	0	0	1215	0	0	0	0	0	12	0	0	0	0	0	0	0	0	7	0	4	43	28	0	0	53	4	0	0	5	5	0	0	6	0	3	0	0	0	0	0	0	0	0	0	0	0	0	6	0	0	0	0	0
2917b5d0bf4224a174fce9059d751290	0	0	3	0	0	0	0	0	0	3	0	0	30	0	33	6	0	0	0	0	0	0	0	0	2	0	0	0	0	0	70	0	0	126	142	0	43	0	97	0	0	6	186	52	0	183	15	0	9	35	0	0	0	0	51	13	3	0	0	0	0	0	0	0	4	0	3	0
13a84719b2f85dce93abd7516fcf99ad	15	12	19	0	3	64	13	26	56	23	102	70	0	18	129	37	0	19	22	0	38	53	0	54	0	0	0	5	0	5	0	18	0	0	25	0	20	7	0	0	15	0	0	0	0	6	0	36	45	0	0	17	0	0	0	0	0	0	13	28	0	0	0	0	0	0	0	0
ee8089aa168d0a68f89e2f9ab82b3261	0	17	0	9	0	23	16	19	4	8	0	5	20	0	0	24	11	3	13	0	63	28	0	0	16	0	0	0	0	19	21	0	0	67	73	192	23	0	24	25	0	0	78	10	0	18	30	0	14	0	0	3	0	0	12	0	10	0	0	6	26	44	0	0	12	22	0	0
8b549d5d23d37f33bce66ddaa48abdba	0	0	8	0	0	0	0	92	14	0	18	23	17	0	15	74	38	27	47	0	0	0	22	6	0	27	0	0	0	0	0	0	0	0	15	0	48	153	0	0	23	0	19	206	0	0	0	0	6	0	0	0	0	0	0	0	8	4	33	50	0	0	0	7	0	58	0	59
0c6d3938243936046e636192b40ed43c	37	0	4	77	0	0	0	0	23	11	108	38	0	5	0	40	4	39	9	7	2	72	0	0	7	18	0	0	29	34	52	0	0	19	0	0	0	28	15	58	29	41	16	0	0	25	0	23	3	64	0	12	82	7	52	2	0	0	0	114	0	7	0	0	0	0	0	0
d738777a24581f111f8fa362c149b44d	6	19	37	37	10	22	60	0	0	0	101	0	11	0	8	14	0	0	6	0	0	0	0	0	0	0	0	0	0	20	51	0	0	23	77	0	51	6	104	0	0	0	14	0	0	13	180	0	12	32	24	0	0	0	6	0	0	0	0	0	0	0	0	0	10	0	0	0
4879a70e5bf4a288afa4e6d7ef7022e5	0	13	38	15	9	17	0	21	0	0	0	0	24	0	33	10	17	0	0	25	10	21	0	0	17	0	0	26	0	84	0	19	43	0	9	135	19	0	0	21	0	9	15	0	0	0	33	0	5	0	42	0	25	0	16	0	13	0	0	16	24	6	13	20	33	17	0	21
4d12c5a1cbff1cbfb066dd943bb512ec	9	16	19	0	0	33	0	6	14	22	20	21	51	20	9	0	9	0	0	0	9	0	22	0	0	0	4	3	18	10	5	14	0	20	29	4	23	5	0	12	0	8	33	0	6	12	26	8	33	0	22	11	0	15	21	0	0	0	0	82	24	47	25	9	31	37	0	0
2ccbd952934337451d2df534760b4c21	11	0	2	0	0	18	0	17	0	10	0	3	0	0	0	10	44	0	5	0	9	12	9	0	0	11	0	0	5	52	224	23	0	0	0	6	0	0	9	8	14	66	47	20	20	50	4	29	0	0	5	0	5	0	14	0	0	0	0	7	0	0	0	0	3	7	0	0
7e97382baa29c97232ac1f9ecb44cfa1	0	0	0	21	0	4	0	19	19	26	7	22	0	0	8	0	0	12	7	0	13	0	17	0	0	0	4	3	31	0	31	46	13	31	17	25	0	12	0	11	7	0	50	22	16	10	32	0	0	0	19	17	16	0	12	18	5	0	11	25	0	56	0	0	0	28	9	0
a804ceca12f7e18aaf66c1d688c0675b	9	9	0	8	5	14	0	14	0	0	9	7	14	0	0	4	23	0	0	15	0	39	0	0	4	0	0	18	9	0	0	113	11	19	10	19	36	17	8	17	0	0	39	0	5	4	11	54	28	11	26	0	0	27	9	8	5	0	6	61	0	0	0	0	7	0	0	0
516a7025b707b2fcf797cf48efecc8c3	0	4	0	18	0	30	0	5	0	0	24	0	0	10	41	14	0	3	3	0	24	39	0	0	23	0	17	0	4	51	2	0	42	13	23	67	14	0	0	78	5	9	13	0	0	7	13	0	0	0	0	0	2	11	0	11	0	4	13	8	64	9	22	0	4	0	0	0
90d54b08f736c3dc3f9f1d59d4c5ecf1	9	0	4	6	0	13	0	0	0	0	11	0	0	0	15	0	61	11	0	8	0	22	0	0	0	0	6	6	0	0	0	43	0	0	38	0	46	9	0	0	99	19	0	0	0	166	0	5	7	0	0	0	0	0	0	0	4	0	0	0	48	23	0	0	29	18	0	0
f2016d67e700bbd4f6e65c790cf0882c	6	0	0	29	0	11	0	5	11	13	0	0	2	0	13	22	5	0	10	0	5	22	0	0	16	7	3	0	14	27	0	20	0	0	0	92	10	14	4	55	32	28	0	0	24	27	9	66	10	20	0	12	0	0	59	0	0	0	0	15	0	0	0	0	0	0	0	0
ea403646ed22d679fa4586263d8fc32f	0	0	0	0	0	0	0	0	0	0	2	0	3	0	0	0	0	661	0	0	7	0	2	0	0	0	0	0	0	0	0	0	0	0	0	0	0	0	0	0	0	0	0	0	0	0	0	0	0	0	0	0	0	0	0	0	0	0	0	0	0	0	0	0	0	0	0	0
9908fffab7ed4f3bec44cda2f5084d49	0	0	0	0	0	0	0	0	0	0	0	0	0	0	0	0	0	531	0	2	0	0	0	5	0	0	0	0	0	0	0	0	0	0	0	0	0	0	0	0	0	0	0	0	0	24	0	5	16	0	0	0	0	0	0	0	0	0	47	35	0	0	0	0	0	0	0	0
f9ba0705d3a733ad1b0ae67374768396	4	21	0	10	2	0	0	0	19	0	0	38	19	0	37	28	2	8	0	0	0	0	19	0	10	15	0	0	9	6	24	0	16	26	36	108	88	0	57	207	207	15	14	73	15	16	5	8	16	12	5	0	20	0	3	0	0	0	0	22	0	0	15	6	0	13	3	0
234e1d5f4e48c5e578d5fdea6d864fbf	6	10	0	4	0	0	0	10	0	0	0	0	0	0	12	30	11	0	0	0	7	25	4	0	0	5	0	0	7	0	23	13	4	6	5	74	16	0	0	37	9	16	28	0	0	21	9	0	0	17	21	3	42	0	19	0	0	3	3	7	5	0	0	0	21	0	0	0
527b92b9bbfb692fef33a6c0a85e9caf	9	0	0	13	0	9	0	5	0	0	0	0	4	0	0	0	0	0	0	8	0	0	14	0	0	0	0	0	4	0	13	44	0	20	22	62	0	11	13	19	0	0	27	22	0	0	20	0	33	7	7	22	9	17	8	0	14	4	0	24	0	0	5	0	5	0	0	5
3ba335034275a72a271bc8b6c455c102	4	8	0	25	3	10	0	6	0	7	17	2	54	12	23	0	21	0	4	22	0	19	0	0	0	0	0	0	0	0	0	14	0	6	0	33	24	2	2	0	0	2	0	0	0	17	13	0	0	0	6	0	0	10	0	0	0	0	3	50	0	23	0	0	4	3	0	0
69c66832d5da88793b212add5b8ba262	20	0	0	5	0	20	0	0	3	0	0	0	14	0	0	0	0	0	0	0	0	2	0	0	0	8	0	0	12	4	40	0	3	0	9	0	39	8	0	9	0	3	20	65	0	22	12	37	0	0	9	4	9	17	34	2	0	0	9	12	0	0	0	0	0	0	0	0
46bad50a71f76820662c9aa32e14f1db	0	9	0	0	0	0	0	0	5	3	4	0	0	0	37	12	4	0	0	0	25	0	0	19	0	0	0	0	0	0	0	0	145	8	0	86	0	4	21	39	0	38	37	0	28	19	3	0	2	0	12	0	30	0	6	0	0	0	0	6	0	0	0	0	7	0	0	0
0e1b2cdcf70c500c5d450a9de897a210	0	0	5	0	4	0	0	0	0	14	0	0	0	0	0	33	11	17	0	0	0	51	0	0	0	0	0	0	0	55	21	0	0	0	0	34	54	13	11	31	10	51	0	0	0	36	43	9	0	6	0	5	46	0	27	0	0	0	0	9	60	0	0	0	0	0	0	0
e0f4f18310b73b0fee136c3361b4401e	0	0	0	0	0	0	0	0	0	0	30	0	0	0	0	0	0	0	0	0	0	0	0	0	64	0	0	0	23	0	0	0	128	44	0	0	0	0	13	0	0	0	73	0	0	14	0	0	0	0	0	0	25	0	0	0	0	0	0	0	0	0	0	0	0	0	0	0
afe78122dfd2e973555a7337c8598740	21	7	3	17	0	8	0	41	0	4	0	0	29	5	14	0	0	3	3	0	0	11	0	0	0	9	0	0	24	4	0	25	0	0	0	5	0	0	0	0	11	12	24	33	5	13	0	10	0	13	4	0	0	0	0	0	0	0	0	43	0	0	0	0	2	0	0	0
3ae596304fd6ed0aaf539b8caba648f5	4	0	0	0	0	0	0	24	4	7	6	11	0	10	30	9	0	0	0	6	0	0	3	0	7	0	0	0	7	5	0	12	0	8	0	2	0	0	0	0	0	6	18	0	0	0	16	2	0	0	8	0	13	5	13	0	10	0	6	11	27	16	14	16	40	17	0	40
25eb83a63bb3c728d249deab789546a7	0	0	0	13	0	0	0	0	4	10	14	0	0	0	0	0	8	0	0	0	0	0	0	0	7	0	0	17	0	17	79	17	22	0	12	31	38	0	0	24	0	5	8	41	11	9	14	0	0	0	0	0	19	0	12	8	5	0	7	14	4	0	0	5	0	0	0	5
728728a1de6e05acf32ed82c90af51ee	0	0	0	0	0	0	0	0	0	0	0	0	0	0	0	5	0	7	0	0	0	318	0	0	0	3	0	0	0	15	0	0	0	0	0	0	0	0	0	2	0	0	0	0	0	19	0	0	14	0	0	0	0	0	0	0	0	0	343	0	0	0	0	0	0	0	0	0
8de454c14232dcf609707a92c8e7e50d	0	0	0	15	0	0	0	49	0	4	14	3	6	12	0	0	18	0	0	2	0	7	0	0	0	0	0	0	0	14	3	17	3	2	0	14	6	6	0	25	19	0	0	40	5	8	0	6	5	3	0	8	0	0	0	3	0	0	8	50	0	0	0	0	0	0	0	0
0429a8a999c3238e12bbfaa1714d385e	0	0	0	0	0	0	0	0	0	0	0	0	0	0	0	0	0	0	0	0	0	0	0	0	0	0	0	0	0	0	0	0	94	206	0	0	6	57	0	0	0	0	0	0	0	0	0	0	0	0	0	0	0	0	0	0	0	0	0	0	0	0	0	0	0	0	0	0
dd39c47452c6b20b2782e991e1733051	0	0	0	0	0	2	0	0	0	4	9	0	7	0	17	17	12	0	0	0	21	5	0	7	0	0	6	8	0	0	0	18	0	0	22	37	0	0	4	12	3	0	0	12	9	0	3	0	8	0	13	0	23	0	0	0	0	0	0	5	16	11	13	0	18	5	0	12
65d43491988bfe557da4d86a5ba25dae	0	0	0	0	0	0	0	0	0	0	0	0	4	0	0	3	0	382	3	0	3	0	0	5	0	0	0	0	0	0	0	0	0	0	0	0	0	0	0	0	0	0	0	0	0	0	0	0	0	0	0	0	0	0	0	0	0	0	0	0	0	0	0	0	0	0	0	0
67b0cf6af26b9fd959d860a52a65bc58	0	0	0	0	0	0	0	0	0	0	0	0	0	0	3	0	0	0	0	0	0	0	0	0	0	0	0	0	0	0	0	0	15	0	0	231	0	16	0	7	0	0	0	4	0	0	5	0	0	0	0	0	0	6	0	2	0	0	0	16	0	0	0	0	0	0	3	0
b452284fca181520c11d087351ff43df	0	0	0	0	0	0	0	0	0	0	16	0	0	0	0	0	0	0	0	0	0	8	0	0	0	0	0	0	33	4	16	16	38	5	0	22	19	0	0	12	0	4	38	7	0	21	0	13	0	3	0	0	0	4	7	0	0	0	2	17	0	0	0	0	0	0	0	0
cc670972b6b6413ac3f57f041696e40f	0	0	11	32	12	22	0	0	0	0	16	0	0	0	0	5	0	0	9	6	17	0	0	0	0	0	0	0	0	13	0	0	0	25	34	20	4	0	0	27	4	0	0	7	0	0	8	0	16	0	0	4	0	0	0	0	0	0	31	0	0	0	0	0	0	0	0	7
aafaa9ffc8d0ff23faa27f6803f487e5	0	0	6	0	0	10	0	7	3	4	0	0	0	0	0	0	8	0	0	0	4	0	0	0	0	0	5	0	0	0	32	10	0	6	4	0	7	8	7	0	0	0	13	6	0	10	8	11	24	0	18	0	25	0	0	0	0	0	0	43	0	0	0	0	0	0	0	0
98973c7adc7484e7e0777b4385d0a518	0	0	0	0	0	26	0	19	0	0	0	5	43	0	0	0	7	8	0	0	0	16	0	0	0	0	0	5	0	0	0	0	21	0	10	26	6	7	0	10	0	0	0	0	0	0	13	17	16	0	0	0	0	0	9	0	0	0	0	18	0	0	15	0	0	0	0	0
fd52457ef6265b9c7ac482f0f9dfdadc	0	4	0	0	0	3	0	0	2	0	0	0	0	0	0	0	0	0	0	0	25	0	0	0	0	0	0	0	0	0	0	0	0	0	0	0	0	0	0	21	0	64	34	0	0	8	0	0	0	0	0	0	0	0	0	3	0	0	0	0	43	0	90	0	0	0	0	0
49698aa30d2f909faac7f1cffd4aaa5d	0	0	0	0	0	0	0	0	0	0	0	0	0	0	0	0	26	0	0	0	0	7	0	0	0	0	0	0	45	0	17	13	26	3	0	11	0	2	0	7	10	32	9	0	26	9	0	0	0	0	0	0	0	0	0	0	0	0	3	0	0	0	0	0	0	0	0	0
5f50f76b9429d77bcca8f61b148bfabd	0	0	0	0	0	0	0	8	0	0	0	0	0	0	0	16	0	0	0	12	13	27	0	0	0	0	0	3	7	12	13	17	23	0	11	58	0	0	0	9	10	0	0	4	30	13	0	0	0	0	0	0	8	0	6	0	0	0	6	0	0	0	0	0	0	0	0	0
506efac48dc5d5be2c0122c381639a3f	0	0	0	0	0	21	0	22	0	0	0	0	7	8	0	0	0	0	0	0	0	9	0	0	0	0	0	7	42	0	25	44	8	3	0	11	0	23	0	0	0	26	55	11	0	0	0	7	9	0	0	0	6	4	0	0	0	0	0	30	9	13	0	0	0	0	2	0
2335854b5c63f49010a2e8a793ce27ce	0	0	0	13	0	0	0	0	0	2	0	0	0	0	0	3	0	0	0	34	10	4	0	0	14	0	0	11	0	0	16	0	0	7	0	9	2	0	18	14	0	2	0	0	0	0	0	0	0	0	0	0	0	14	0	0	0	0	0	0	36	0	34	0	2	0	0	0
93a29afcd8605a2539dd997423270b72	0	0	0	0	0	20	0	0	0	0	0	26	0	0	24	0	0	0	0	0	0	0	0	0	0	0	0	0	0	0	0	22	0	7	36	0	19	0	0	0	0	0	0	0	4	0	24	0	0	0	32	0	0	24	0	0	0	0	10	0	0	0	0	0	0	0	0	0
902caba12ae556f40165f73f3a943ac1	0	0	0	0	0	0	0	0	5	4	0	10	0	0	0	0	0	6	0	6	0	0	0	0	0	0	0	0	0	17	15	7	0	0	0	0	0	0	5	0	21	0	27	0	0	0	0	0	0	18	24	0	0	0	44	0	0	0	0	0	0	0	0	0	0	0	0	0
629f41c0de31ba20f5d2b3f4c69e09c1	0	0	0	0	0	0	0	0	0	0	0	0	0	22	0	39	0	0	0	0	40	0	0	0	0	9	0	0	0	0	0	0	0	0	0	0	0	0	0	0	0	31	0	0	0	0	20	0	0	0	0	0	0	0	0	0	0	0	0	0	0	18	25	0	0	0	0	0
e1d5578f19b2423944c5d7686af9f104	0	0	5	3	0	0	0	0	9	8	11	9	0	0	13	8	0	0	20	7	12	0	0	0	0	0	0	0	11	0	0	0	0	0	15	28	0	0	0	0	0	0	24	0	0	0	0	0	9	0	0	0	0	0	0	0	0	3	0	0	0	0	0	0	0	11	10	0
6efb619358c390df0a16230ac8c9de44	0	0	0	0	0	0	0	0	0	0	0	0	0	0	0	0	8	0	0	0	0	0	0	0	78	0	0	78	0	17	0	0	24	0	0	0	0	5	0	0	9	0	0	0	0	0	0	0	8	0	0	0	20	0	0	0	0	0	21	0	0	0	0	0	0	0	0	17
9458a3d6db0cf1b8a68be6239c9e2f3f	0	8	0	0	0	0	29	0	0	0	9	0	0	20	4	0	8	0	16	19	0	0	10	11	0	0	0	40	0	0	0	0	9	0	0	0	0	0	0	5	0	0	0	0	0	0	0	0	0	0	0	0	0	0	0	10	0	0	0	0	0	0	0	4	0	0	0	0
bc56a7361c9a3b49f1f1c51874321e12	0	0	0	0	0	0	0	0	0	0	0	0	0	0	0	0	0	0	0	0	0	0	0	0	0	0	0	0	0	0	0	0	0	0	0	0	0	0	0	0	0	0	0	0	0	0	0	0	0	0	0	0	0	0	0	0	0	0	0	0	0	0	0	0	0	0	180	0
84ac65956405f4d2cdfeef55196938d4	0	0	0	0	0	0	0	0	0	0	0	0	0	0	0	0	0	0	0	0	0	0	0	0	0	0	0	0	0	24	121	0	0	0	0	0	0	0	0	0	0	0	0	0	0	31	0	0	0	0	0	0	0	0	0	0	0	0	0	0	0	0	0	0	0	0	0	0
78437a620b5cedee220200c543045188	0	0	0	0	0	0	0	0	0	0	0	0	0	0	0	0	0	0	0	0	0	0	0	0	11	0	0	0	0	0	60	0	0	0	0	0	0	0	0	93	0	0	0	0	0	0	0	0	0	0	0	0	0	0	0	0	0	0	0	0	0	0	0	0	0	0	0	0
16911b07118bcab77e4cf5d8651ad336	0	3	0	0	0	0	0	0	0	0	6	0	0	0	0	0	0	0	0	0	0	2	0	0	0	0	0	0	0	0	0	7	0	0	0	0	0	13	0	36	0	0	6	0	3	0	0	0	0	2	0	0	0	0	0	0	0	0	0	80	0	0	0	0	0	0	0	0
d46e2205f0c6ecf67b51f83d111c509c	0	0	0	11	0	0	0	0	0	0	0	0	0	0	0	0	0	219	0	0	0	0	0	0	0	0	0	0	8	0	0	0	0	0	0	0	0	0	0	0	0	6	0	0	0	0	0	0	0	0	0	0	0	0	0	0	0	0	0	0	0	0	0	0	0	0	0	0
ead9988ad2085807a7ef6f89a7bf033f	0	0	0	0	0	0	0	0	0	0	0	0	0	0	0	0	0	0	0	0	0	0	0	0	0	0	0	0	0	0	45	0	0	0	0	0	0	0	0	0	5	16	0	0	0	24	0	0	0	0	2	12	20	0	12	0	0	0	0	9	0	0	0	0	0	0	0	0
6ab4d5ce4cd3dd93df2a4afdadf198e0	0	0	0	0	0	7	0	0	0	8	0	0	0	0	0	0	0	0	5	3	0	0	0	6	0	0	0	0	0	0	0	4	0	10	20	17	0	0	8	33	0	4	0	0	0	0	7	0	9	9	0	0	0	0	5	0	0	0	10	0	0	0	0	2	0	0	0	0
b31d68835edbbe2d3abfa05a8d9f7f7f	2	0	2	0	7	0	0	0	0	0	0	0	25	2	0	0	0	0	0	0	0	0	0	0	0	0	0	0	0	0	7	0	0	6	12	0	12	0	0	19	9	0	8	0	0	0	14	0	4	0	0	0	0	0	3	0	0	9	11	0	0	0	0	0	0	0	0	0
e4ef1c7b616eb842c0ff7a327e83bd76	0	0	0	0	0	0	0	27	0	0	8	0	10	0	0	0	0	0	0	0	0	10	0	4	0	0	0	0	10	0	18	0	0	0	0	0	0	0	0	11	0	0	12	12	0	0	0	0	0	6	0	0	0	0	0	0	0	0	0	21	0	0	0	0	0	0	0	0
a663a01aeb4dbb88bbe0a9840e8f64dc	0	7	0	6	0	0	0	6	0	0	0	0	0	0	0	0	0	18	0	0	0	0	0	13	0	0	0	0	0	0	0	0	48	0	0	0	0	0	0	0	0	0	0	0	0	0	0	0	0	0	0	0	0	0	0	0	0	0	0	0	10	0	13	0	0	0	0	0
59d1a674557ee15291d8d2adbdcad63c	0	0	0	0	0	5	0	0	0	0	0	0	10	0	16	13	0	0	0	0	17	0	0	0	0	0	0	0	0	11	0	0	0	0	6	30	0	0	0	9	0	0	0	0	0	0	0	0	0	0	0	0	0	0	0	0	0	0	0	6	0	0	0	0	0	0	0	0
fd496fd32dc8c08ade2e8b6c9d8ee13d	0	0	0	0	0	0	0	0	0	0	0	0	0	0	0	0	0	207	0	0	0	0	0	0	0	0	0	0	0	0	0	0	0	0	0	0	0	0	0	0	0	0	0	0	0	0	0	0	0	0	0	0	0	0	0	0	0	0	0	0	0	0	0	0	0	0	0	0
35ffcc3b809d667286737d79670b8de5	0	2	0	0	0	0	0	0	0	0	0	0	0	0	0	0	0	106	0	0	0	0	2	0	0	0	0	0	0	0	0	0	0	0	0	0	0	0	0	0	0	0	0	0	0	0	0	0	0	0	0	0	0	0	0	0	0	0	0	0	0	0	0	0	0	0	4	0
3d5baff45729bf2214074c2e9f77ad10	0	0	0	0	0	0	0	0	0	0	0	0	0	0	0	0	0	109	0	0	0	0	0	0	0	0	0	0	0	0	0	0	0	0	0	0	0	0	0	0	0	0	0	0	0	0	0	0	0	0	0	0	0	0	0	0	0	0	0	0	0	0	0	0	0	0	0	0
85971a67aaa2aafc1660a515d228f4cc	0	0	0	0	0	0	0	0	0	0	0	0	2	0	0	0	0	0	0	0	0	0	0	0	0	0	0	0	0	0	25	2	0	0	0	0	0	0	0	8	31	0	24	0	0	0	0	7	6	4	6	0	3	0	0	0	0	0	0	0	0	0	0	0	0	0	0	0
b10eb2312d6ccc5fdebebc88f91228d8	0	3	0	0	0	0	0	0	0	0	12	0	0	0	12	0	0	5	0	8	15	0	0	0	0	0	0	0	0	12	0	0	0	0	0	0	0	0	0	0	0	0	0	0	0	0	0	0	0	0	0	0	0	0	0	0	0	0	3	0	53	0	0	0	0	0	4	0
c7092e3357f6eaf3525af73df0b5a01d	0	0	0	0	0	0	0	0	0	0	0	0	0	0	0	0	0	0	0	0	0	0	0	0	0	0	0	0	0	0	0	0	0	46	0	0	0	0	0	47	0	0	0	0	0	0	0	0	0	0	0	0	0	5	0	0	0	0	0	0	0	0	0	0	0	0	0	0
0b4ea7c89e9f4c073c4130461703ed1d	0	0	0	9	0	11	0	0	0	0	14	0	0	0	0	6	0	0	0	0	0	0	2	0	0	0	0	0	0	0	24	0	14	0	0	0	3	0	0	0	0	0	0	0	0	0	0	0	0	0	0	0	0	0	0	0	0	0	0	0	7	0	0	0	9	0	0	0
e064509be275096816b9dbd92353dac4	0	0	0	0	0	0	9	0	0	0	0	0	0	0	0	0	0	0	0	13	0	0	0	3	0	0	0	0	0	0	0	15	17	0	8	0	0	0	0	0	0	0	7	0	5	0	0	0	0	0	2	0	0	0	10	0	0	0	3	0	0	0	0	0	0	0	0	0
c004362a6d073fe3bcb962035989a4b3	3	0	0	0	0	0	0	0	0	0	0	0	9	0	0	0	0	0	0	0	0	0	0	0	0	0	0	0	0	0	21	12	0	3	0	8	2	11	0	19	5	3	0	0	0	0	0	0	0	0	0	0	0	0	0	0	0	0	0	0	0	0	0	0	0	0	0	0
98eecd626f75e60e04617f329a5aadb6	0	0	0	0	10	0	0	0	0	0	0	6	0	0	0	0	0	0	0	0	13	0	5	0	0	0	0	0	0	0	0	0	0	0	10	24	0	0	0	11	0	9	0	0	0	0	0	0	0	0	6	0	0	0	0	4	0	0	0	2	0	0	0	0	0	0	0	0
5a659fafd2c2859a9777c3fed0f5d304	0	0	0	0	0	4	0	3	0	0	0	3	0	0	0	0	0	0	0	0	0	0	0	0	5	0	0	0	0	0	13	0	0	0	5	59	6	0	0	0	0	11	9	0	0	10	0	0	0	0	0	0	0	0	0	0	0	0	0	0	5	0	0	0	0	0	0	0
d5f44bf1c23e4115279b412340f28de6	0	0	2	3	3	0	0	0	0	0	4	3	0	0	0	0	8	0	2	0	0	0	0	0	0	0	0	0	0	10	0	0	8	0	0	19	5	4	0	0	3	0	3	0	0	0	0	0	0	0	2	0	0	0	0	0	0	0	0	0	10	4	0	0	4	5	0	0
23813509abacee72b910ca3d0d803a86	0	13	0	0	0	5	8	0	0	0	12	0	0	0	16	0	0	0	0	0	14	0	0	0	0	0	0	0	0	10	0	0	0	4	0	0	0	0	0	0	0	0	0	0	0	0	0	0	0	0	0	0	0	0	0	0	0	0	0	0	0	0	0	0	13	8	0	0
43634778c6f9205cf857eb8fdb5fc084	3	0	5	0	0	0	5	0	0	0	0	0	0	0	0	0	0	0	0	7	4	0	0	0	0	0	0	0	0	0	0	0	47	0	0	0	0	0	0	0	0	0	4	0	0	0	0	0	0	0	0	0	0	0	0	0	0	0	0	0	2	0	0	0	0	0	0	0
a44f55cb9630a596c057bd407286fc9f	0	0	0	0	0	0	0	8	0	0	8	0	0	0	0	0	4	0	0	0	0	0	0	0	2	0	0	0	0	6	0	0	16	0	0	31	0	0	0	4	3	2	0	4	0	0	0	0	0	0	0	2	0	0	0	0	0	0	0	0	0	0	0	0	0	0	0	0
74c7b0109b402c9f76321bbea345608e	0	0	0	0	0	0	0	0	0	0	0	0	0	0	0	0	0	0	0	0	0	0	0	0	0	0	0	0	0	0	0	0	0	69	0	0	0	0	3	0	0	0	0	0	0	0	0	0	0	0	0	0	0	0	0	0	0	0	0	0	0	0	0	0	0	0	0	0
45e579e8381a07044421cb4f1d25e431	0	0	0	0	0	0	0	0	0	0	4	0	3	0	0	0	8	0	0	0	3	5	0	0	3	0	0	0	0	0	0	0	0	10	0	8	0	0	0	18	0	0	0	3	0	0	0	0	0	0	0	4	0	0	0	0	0	0	0	0	10	0	0	0	0	0	0	0
4656f534c0a92317ba63b7c0fb6ee3ce	4	0	0	0	0	8	0	14	0	0	0	0	2	0	0	0	8	0	0	0	0	5	0	0	0	0	0	0	20	0	0	0	0	0	0	0	0	11	3	0	0	0	0	0	0	6	0	0	0	0	0	0	0	0	0	0	0	0	0	0	0	0	0	0	0	0	0	0
5cf13bb263b32f1a34185dc0eb094b1d	0	0	0	0	0	0	0	0	0	0	0	0	0	0	0	0	0	67	0	0	0	0	0	0	0	0	0	0	0	0	0	0	0	0	0	0	0	0	0	0	0	0	0	0	0	0	0	0	0	0	0	0	0	0	0	0	0	0	0	0	0	0	0	0	0	0	0	0
a622ee938dea5bf334aff1b8b1b16eee	0	0	0	0	8	0	8	4	0	0	0	0	0	0	0	0	0	0	0	0	0	0	0	0	0	0	0	0	0	15	13	0	0	0	0	29	0	0	0	0	0	6	0	0	0	0	0	31	0	0	0	0	0	0	10	0	0	0	0	0	8	0	0	0	0	0	0	0
b9b9384615698579a10510c3a107fea8	0	0	0	9	0	9	0	0	5	0	0	0	0	0	0	0	0	0	0	0	0	0	0	0	0	0	0	0	2	2	4	0	0	0	0	3	0	0	0	11	4	8	0	8	0	0	0	3	4	0	0	0	0	0	0	0	0	0	0	0	0	0	0	0	4	0	0	0
17d88975609306d2efa972c7c2ca4ced	0	8	0	0	0	5	9	0	0	0	0	0	0	0	0	7	0	0	0	0	0	0	0	0	0	0	0	0	0	9	9	3	0	0	0	10	0	0	0	0	0	0	4	0	0	5	0	0	4	0	0	0	0	2	0	0	0	0	0	0	0	0	5	0	0	0	0	13
1e077b2fea3132817a33f09ae8dfd628	0	0	0	9	0	0	0	0	12	0	0	5	0	0	0	0	0	0	0	0	0	0	3	0	0	0	0	0	15	0	2	3	0	0	0	0	0	0	0	0	0	0	6	0	0	0	0	0	0	5	0	0	2	0	4	0	0	0	0	0	0	0	0	0	0	0	0	0
99bccd58aaeb00f98e22add40be6e36b	0	0	0	0	0	0	0	0	0	0	0	0	0	0	0	0	0	63	0	0	0	0	0	0	0	0	0	0	0	0	0	0	0	0	0	0	0	0	0	0	0	0	0	0	0	0	0	0	0	0	0	0	0	0	0	0	0	0	0	0	0	0	0	0	0	0	0	0
b02e0cef1596cc985797dd6c3128dadd	0	0	0	8	0	0	0	0	0	0	0	0	0	0	0	0	0	0	0	0	0	0	0	0	0	0	0	0	0	0	0	0	0	0	0	0	0	0	0	4	0	36	0	0	0	14	0	0	0	0	0	0	0	0	0	0	0	0	0	0	0	0	0	0	0	0	0	0
10d60b3d941b7aa7af59a9045f25d661	0	0	0	0	2	0	0	0	3	0	0	0	0	0	0	0	0	0	0	0	0	23	0	0	0	0	0	0	0	0	0	0	0	0	0	0	0	0	0	0	0	0	0	0	0	30	0	0	0	0	0	0	0	0	0	4	0	0	0	0	0	0	0	0	0	0	0	0
113b24fe4dba4a4951ada8e959a58398	0	0	0	0	0	0	0	21	0	0	0	0	0	0	0	0	0	10	0	0	0	0	0	0	0	0	0	0	0	0	0	0	0	0	0	0	0	0	0	0	0	0	0	0	0	0	0	0	0	0	0	0	0	0	0	0	0	0	0	0	0	0	0	0	31	0	0	0
516743b16d4dd61231b836db630eb141	0	0	0	0	9	0	0	0	0	0	5	0	0	0	0	0	0	0	0	5	0	0	0	6	0	0	0	0	0	29	0	0	0	0	0	0	0	10	0	0	0	0	0	0	0	7	8	4	0	0	0	0	0	0	0	0	0	0	0	2	0	6	2	0	0	0	0	0
d7625db4bb179cdb3d5547a63eb2043f	0	0	0	0	0	3	0	0	0	0	0	0	0	0	0	0	0	0	0	0	0	0	0	0	0	0	0	0	0	0	0	0	0	60	0	0	0	0	0	0	0	0	0	0	0	0	0	0	0	0	0	0	0	0	0	0	0	0	0	0	0	0	0	0	0	0	0	0
9f26bab14b8b677866849213265881be	0	0	0	0	0	0	0	0	13	0	0	0	0	0	0	0	0	21	0	0	0	0	0	0	0	0	0	0	0	0	24	0	0	0	0	0	0	0	0	0	0	0	0	0	0	0	0	0	0	0	0	0	0	0	0	0	0	0	0	0	0	0	0	0	0	0	0	0
7ed88ae3aef72cea2dcfa968299019fb	0	0	0	0	0	0	0	0	0	0	0	0	0	0	0	0	0	0	0	0	0	0	0	0	0	0	0	0	0	0	15	0	0	0	0	0	0	0	5	0	0	13	0	0	0	0	0	0	0	0	0	0	0	0	23	0	0	0	0	0	0	0	0	0	0	0	0	0
bb2d9456017c335a92288c3c415a93a6	0	0	2	5	0	0	0	5	0	0	3	0	0	0	0	0	4	2	0	0	0	0	0	0	0	2	0	0	0	0	0	0	0	0	0	13	4	0	0	10	0	0	0	7	0	3	0	0	4	0	0	0	0	0	3	0	0	0	0	0	0	0	0	0	0	0	0	4
12ce3fe7a40524e2ff99603d4d2b9613	0	0	0	0	0	0	0	0	0	0	0	0	0	0	0	0	0	0	0	0	0	0	0	0	0	0	0	0	0	0	0	0	0	0	0	0	4	0	0	0	0	0	16	0	0	0	0	9	0	0	0	11	0	0	0	0	0	0	0	13	0	0	0	0	0	0	0	0
72ec3b075b9b35b7adcbaad73c3099c2	0	0	0	0	0	0	0	0	0	0	0	0	0	0	0	0	0	0	0	0	0	0	0	0	0	0	0	0	0	0	0	0	0	0	0	0	0	0	0	0	6	0	0	0	0	0	0	0	0	0	0	0	0	0	0	0	0	0	0	47	0	0	0	0	0	0	0	0
809a7ad54a83b012be866045bea3d64f	5	0	0	0	0	0	0	2	0	0	0	0	0	2	5	4	0	0	2	7	2	0	0	0	0	0	0	0	0	0	0	0	0	0	7	0	0	0	0	12	2	0	0	0	0	7	0	0	5	0	5	0	4	0	0	5	0	0	0	5	0	0	0	0	0	0	0	0
eb0447c93b67326eac45354cad8e6964	0	0	0	0	0	0	0	0	0	0	0	0	0	0	0	0	0	0	0	0	0	0	0	0	0	0	0	0	0	0	0	0	37	0	0	0	0	0	0	0	0	0	0	0	4	8	0	0	0	0	0	0	0	0	0	0	0	0	0	0	0	0	0	0	0	0	0	0
99b6865a9925073ddc3db24a23853fef	0	0	0	0	0	0	0	0	0	0	0	0	0	0	0	0	0	5	0	0	0	0	0	0	0	0	0	0	6	0	14	0	0	0	0	0	0	0	0	14	0	15	0	0	0	7	0	0	0	0	0	0	0	0	0	0	0	0	0	0	0	0	0	0	0	0	0	0
974174e4525a836afedac81af661139a	0	0	0	0	0	0	0	0	0	0	0	3	0	0	0	0	0	0	0	0	0	7	0	0	0	0	0	0	0	0	28	0	0	0	0	0	0	0	0	0	0	0	0	0	0	5	0	0	0	0	0	0	0	0	4	0	0	0	0	9	0	0	0	0	0	0	0	0
5f2d110ff28bb254ebc45eebe46fe442	0	0	0	0	0	0	0	0	0	0	0	5	38	0	0	0	0	0	0	0	0	0	0	0	0	0	0	0	2	0	0	0	0	0	0	0	0	0	0	0	0	0	0	0	0	0	0	0	0	0	0	0	0	0	0	0	0	0	0	0	0	0	0	0	0	0	0	0
af6f9db61dd12759d6712b4fc9f436d1	0	0	0	0	0	0	0	4	5	0	11	0	0	0	0	0	0	0	0	7	0	0	0	0	0	0	0	0	0	0	0	0	0	0	2	8	0	0	0	0	0	0	0	0	0	0	0	0	0	0	0	0	0	0	0	0	0	0	0	0	15	0	0	0	0	0	0	0
ecf0ab44a2d302cf5e1798ac696a862d	0	0	0	0	0	0	0	0	0	0	0	0	0	0	0	0	0	0	0	0	0	0	0	0	0	0	0	0	0	0	0	0	0	0	0	0	0	0	0	0	4	3	10	6	12	6	0	0	0	0	0	0	0	0	0	0	0	0	0	0	0	0	0	0	0	0	0	0
03ac16c3669afa16e934f306a350b94d	0	0	0	0	0	0	0	0	0	0	0	0	0	0	6	0	0	0	0	0	0	0	0	0	0	0	0	0	0	5	8	0	0	0	0	6	0	0	0	5	0	9	0	0	0	0	0	0	0	0	0	0	0	0	0	0	0	0	0	0	0	0	0	0	0	0	0	0
570c8a7cd1e0c61ba9d80b090a22b7b2	0	0	0	0	0	0	0	0	0	0	0	0	0	0	0	0	0	0	0	0	0	0	0	0	0	0	0	0	0	0	0	0	5	0	0	0	0	0	0	0	0	0	0	0	0	6	2	0	0	0	0	0	0	0	0	0	0	0	13	0	0	7	0	2	0	6	0	0
b85d6064018dadcee25d180a9fa78b28	0	0	5	0	0	0	0	0	0	0	0	0	8	0	0	0	3	0	0	0	0	0	0	0	3	3	0	0	0	0	0	0	0	0	0	0	0	0	0	7	0	0	4	0	0	0	3	0	0	0	0	0	0	0	0	0	0	0	0	4	0	0	0	0	0	0	0	0
250992a1effeed20d6e91b3c26c4631a	0	3	0	0	0	0	0	0	0	0	2	0	0	0	0	0	0	0	0	0	0	0	0	0	0	0	0	16	0	0	0	0	0	0	6	0	0	0	0	0	0	0	0	0	0	0	0	0	0	0	0	0	0	3	0	0	0	0	0	0	5	0	0	0	0	0	0	0
266ef3bf79d117e762b1bd9f865f2ee8	0	0	3	5	0	0	0	0	0	0	0	2	0	0	0	0	0	0	0	0	0	0	0	0	0	0	0	0	4	0	0	0	0	0	0	0	0	0	0	0	0	0	0	3	0	0	0	0	0	0	3	0	0	0	0	0	0	3	0	0	0	12	0	0	0	0	7	0
f5a2741bb36324564b909127114972c5	0	0	0	0	0	0	0	0	0	0	0	0	3	0	0	0	0	0	0	0	0	0	0	0	2	0	0	0	0	0	0	0	0	0	0	0	0	0	0	0	0	0	0	0	0	0	3	0	2	0	4	0	0	0	5	0	0	0	0	0	12	0	0	0	0	6	0	0
c4a0cdfda7f1952089e2f86c2d08929f	0	0	0	0	0	0	0	0	0	0	0	0	0	0	0	0	0	0	0	0	0	0	0	0	33	0	0	0	0	0	0	0	0	0	0	0	0	0	0	0	0	0	0	0	0	0	0	0	0	0	0	0	0	0	0	0	0	0	0	0	0	0	0	0	0	0	0	0
06f825b512d903b9230e1a55d87359ee	0	0	0	0	0	0	0	0	0	0	0	0	0	0	0	0	0	17	0	0	0	0	0	0	0	0	0	0	0	0	0	0	0	0	0	0	0	0	0	0	0	0	0	0	0	0	0	0	0	0	0	0	0	0	0	0	0	0	0	0	0	0	0	0	0	0	53	0
ff4e7fa20ddb345c077bf3f2e015e564	24	0	0	0	0	0	0	0	0	0	0	0	0	0	0	0	0	0	0	0	0	0	0	0	0	0	0	0	0	0	0	0	0	8	0	0	0	0	0	0	0	0	0	0	0	0	0	0	0	0	0	0	0	0	0	0	0	0	0	0	0	0	0	0	0	0	0	0
961716dae3f2775010289ca13478f4f2	0	0	0	0	0	3	0	0	0	0	0	0	0	0	4	4	5	0	0	0	0	0	0	0	0	0	0	0	3	0	2	0	0	0	0	9	0	0	0	0	3	3	0	0	0	8	0	0	0	0	0	0	0	0	0	0	0	0	0	0	0	0	0	0	0	0	0	0
cf43a6c85c885e7461efd1eef6732286	0	0	0	0	0	0	0	0	0	0	0	0	0	0	31	0	0	0	0	0	0	0	0	0	0	0	0	0	0	2	3	0	0	0	0	0	0	0	0	0	0	0	0	0	0	0	0	0	0	0	0	0	0	0	0	0	0	0	0	0	0	0	0	0	0	0	0	0
794c48d1c110499dbd6338457f2ed417	0	0	0	0	0	0	0	0	0	0	0	0	0	0	0	0	0	0	0	0	0	0	0	0	0	0	0	0	0	0	0	0	22	0	0	9	0	0	0	0	0	0	0	0	0	0	0	0	0	0	0	0	0	0	0	0	0	0	0	0	0	0	0	0	0	0	0	0
41f70f1e15bb6ee1d850b8b4192d8079	0	0	0	0	0	0	0	0	0	0	0	0	0	0	0	0	0	0	0	0	0	0	0	0	0	0	0	0	0	0	15	0	0	0	0	0	0	0	0	0	0	0	0	0	0	13	0	0	0	0	0	0	0	0	0	0	0	0	0	0	0	0	0	0	0	0	0	0
7d135dfbf857c62673695ef24332b100	0	0	0	0	0	0	0	0	0	0	0	0	0	0	0	0	0	0	0	0	0	0	0	0	0	0	0	0	0	0	0	0	0	0	0	0	0	0	0	0	0	0	0	0	0	0	0	0	0	0	0	0	0	0	0	0	0	0	0	0	0	0	0	0	0	0	28	0
30a9ca046486c65b1e2608b5f6653bfa	0	0	4	0	0	3	0	0	0	0	0	0	0	2	0	0	0	0	0	0	0	0	0	0	0	0	0	0	0	0	0	0	0	0	0	8	5	0	0	0	0	0	0	7	0	0	0	2	6	0	0	0	7	0	0	4	0	0	0	0	6	0	0	0	0	0	0	0
a163202dded41df87f93e2bb3b9552ad	0	0	0	0	0	0	0	0	0	0	0	0	18	0	0	0	0	0	0	0	0	0	0	0	0	0	0	0	0	0	0	0	0	0	0	0	0	0	0	3	0	6	0	0	0	0	3	0	0	0	0	0	0	0	0	4	0	0	0	0	0	0	0	0	0	0	0	0
2e4692d588e14d2e6f49cdd54a315692	0	0	0	0	0	0	0	0	0	0	0	0	0	0	6	0	0	0	0	0	0	0	0	0	0	0	0	0	0	0	0	0	0	0	0	5	2	0	0	13	0	0	0	0	0	0	0	0	0	0	0	0	0	0	0	0	0	0	0	0	0	0	0	0	0	0	0	0
b561f2aca501e83eca980353ebd83a42	0	0	0	0	0	0	0	0	0	0	0	0	0	0	0	0	0	0	0	0	0	22	0	0	0	0	0	0	0	0	0	0	0	0	0	0	0	0	0	0	0	0	0	0	0	4	0	0	0	0	0	0	0	0	0	0	0	0	0	0	0	0	0	0	0	0	0	0
ba894fbae279ba3c8e44bedcf6b2f68c	0	0	0	0	0	0	0	0	0	0	0	0	0	0	0	0	0	0	0	0	0	0	0	0	0	0	0	0	0	17	0	0	0	0	0	0	0	0	0	0	0	0	0	0	0	9	0	0	0	0	0	0	0	0	0	0	0	0	0	0	0	0	10	0	0	0	0	0
422ef5e2adcf3ad6643b184f29cb2bd2	0	0	0	0	0	0	0	0	0	0	0	0	0	0	0	0	0	0	0	0	0	0	0	0	0	0	0	2	0	0	0	0	0	26	0	0	0	0	0	0	0	0	0	0	0	0	0	0	0	0	0	0	0	0	0	0	0	0	0	0	0	0	0	0	0	0	0	0
7522d19b6cd971311b76b4c2345ffa71	0	0	0	0	0	0	0	0	0	0	0	0	0	0	0	0	0	0	0	0	0	0	0	0	0	0	0	0	0	0	0	0	0	0	0	19	0	0	0	0	0	0	4	0	0	0	0	0	0	0	0	0	0	0	3	0	0	0	0	0	9	0	0	0	0	0	0	0
a395e2e4e76cff8f11c2eb0e2325e3e1	0	0	0	0	0	0	0	0	0	0	0	0	0	0	0	0	0	25	0	0	0	0	0	0	0	0	0	0	0	0	0	0	0	0	0	0	0	0	0	0	0	0	0	0	0	0	0	0	0	0	0	0	0	0	0	0	0	0	0	0	0	0	0	0	0	0	0	0
a84603a4d9cf6b57559a116683f77101	0	0	0	0	0	0	0	0	0	3	0	0	2	0	0	0	0	0	0	0	0	0	0	0	0	3	0	0	0	0	0	0	5	0	0	2	0	0	0	0	6	0	0	0	0	0	5	0	0	0	0	0	0	0	0	0	0	0	0	0	0	0	0	0	2	0	0	0
2d73bc75270935dd392518746b79edc6	0	3	0	0	0	0	0	0	0	0	0	3	0	0	0	0	0	0	0	0	0	0	0	0	0	0	0	0	0	0	0	0	0	0	2	0	0	0	0	12	0	0	0	0	0	0	0	0	0	0	0	0	3	0	0	0	0	0	0	0	0	0	0	0	0	0	0	0
43ac57db4e7eab5cb18c73a8e1d6b83b	0	0	0	0	0	0	0	0	0	0	0	0	0	0	0	0	0	0	0	0	0	0	0	0	0	0	0	0	0	0	0	0	0	0	0	0	0	3	0	0	0	0	0	0	0	0	0	0	0	0	0	0	0	0	0	0	0	0	0	0	0	0	0	22	0	0	0	0
a4a1d540c6f327d21f6fdfaf2e9bf8fa	0	0	0	0	0	0	0	0	0	0	0	0	0	0	0	0	0	21	0	0	0	0	0	0	0	0	0	0	0	0	0	0	0	0	0	0	0	0	0	0	0	0	0	0	0	0	0	0	0	0	0	0	0	0	0	0	0	0	0	0	0	0	0	0	0	0	0	0
686d0c1bc21cc558cf429290868fca38	0	0	0	0	0	0	0	0	0	0	0	0	0	0	0	0	0	0	0	0	0	0	0	0	20	0	0	0	0	0	0	0	0	0	0	0	0	0	0	0	0	0	0	0	0	0	0	0	0	0	0	0	0	0	0	0	0	0	0	0	0	0	0	0	0	0	0	0
6e4d78ef6d19f04ca0c5157fea4d0fa8	0	0	0	0	0	0	0	0	0	0	0	0	0	0	0	0	0	0	0	0	0	0	0	0	0	0	0	0	0	0	0	0	0	0	6	9	0	0	4	0	0	0	0	0	0	0	0	0	0	0	0	0	0	0	0	0	0	0	0	0	0	0	0	0	0	5	0	0
7e706bc47c03121038208be6c722117a	0	0	0	0	0	0	0	0	0	0	0	0	0	0	0	0	0	0	0	0	0	0	0	0	0	0	0	0	0	0	0	0	0	0	0	0	0	0	0	0	0	0	0	0	0	20	0	0	0	0	0	0	0	0	0	0	0	13	0	0	0	0	0	0	0	0	0	0
640b03a49d87897a2f65c5e050d881a6	0	8	0	0	0	0	0	0	0	0	0	0	0	0	0	4	0	0	0	0	4	0	0	0	0	0	0	3	0	0	0	0	3	0	0	0	0	0	0	3	0	0	0	0	0	0	6	0	0	0	0	0	0	0	0	0	0	0	0	0	0	0	0	0	0	0	0	0
53ffc8fee843387cbdfd6ed0327aad55	0	0	0	3	0	0	0	0	0	0	3	0	0	0	0	0	3	0	0	0	0	0	0	0	2	0	0	0	0	0	0	0	0	0	3	0	0	0	0	0	0	0	0	0	0	0	0	0	0	0	0	0	0	0	0	0	0	0	0	7	0	0	0	0	0	0	0	0
886506ca977d5fa07d049cf666426b8a	0	0	0	0	0	11	0	0	0	0	0	0	0	0	0	0	0	0	0	0	0	0	0	0	8	0	0	0	0	0	0	0	0	0	0	0	0	0	0	0	0	0	0	0	0	0	0	0	0	0	0	0	0	0	0	0	0	0	0	0	0	0	0	0	0	0	0	0
b678e74cfaf79114457c2c07e17d3e83	0	0	0	0	0	0	0	0	0	0	0	0	0	0	0	2	19	0	0	0	0	0	0	0	0	0	0	0	0	0	0	0	0	0	0	0	0	0	0	0	0	0	0	0	0	0	0	0	0	0	0	0	0	0	0	0	0	0	0	0	0	0	0	0	0	0	0	0
361374e8fbdec5ff775328770668c808	0	0	0	3	0	0	0	0	0	0	0	0	5	0	0	0	0	0	0	0	2	0	0	0	0	4	0	0	0	0	5	0	0	0	0	0	4	0	0	0	0	0	0	0	0	0	0	0	2	3	0	0	0	0	0	0	0	0	0	0	0	0	0	0	0	0	0	0
87929705a2a63054e370904bf5176757	0	0	0	0	0	0	0	0	0	0	0	0	0	0	0	0	0	0	0	0	0	0	0	0	0	0	0	0	0	18	0	0	0	0	0	0	0	0	0	0	0	0	0	0	0	0	0	0	0	0	0	0	0	0	0	0	0	0	0	0	0	0	0	0	0	0	0	0
436554386efe604e781a21c9e2c116a4	0	0	0	0	0	0	0	0	0	0	0	0	0	0	0	0	0	0	0	0	0	0	0	0	0	0	0	0	0	0	0	0	0	0	0	6	0	0	0	4	0	0	0	0	0	0	0	0	0	0	0	0	3	0	0	0	0	0	2	0	5	0	0	0	0	0	3	0
0e6b63ac9cce7ed70dd0f120a2af16b3	0	0	0	0	0	0	0	0	0	0	0	0	0	0	0	0	0	0	0	0	0	0	0	0	0	16	0	0	0	0	0	0	0	0	0	0	0	0	0	0	0	0	0	0	0	0	0	0	0	0	0	0	0	0	0	0	0	0	0	0	0	0	0	0	0	0	0	0
5aa3f0e6235fed7b628a0d28be495de3	0	0	3	0	0	0	0	0	0	0	0	3	0	0	9	0	0	0	0	0	0	0	0	0	0	0	0	0	0	0	0	0	0	0	0	10	6	0	0	0	0	0	8	0	0	0	0	0	0	0	0	0	0	0	0	0	0	0	0	0	0	0	0	0	0	0	0	0
738d296c7140a61cca12f80595aa81af	0	0	0	0	0	0	0	0	0	0	0	0	0	0	0	0	0	0	0	0	0	0	0	0	0	0	0	0	0	0	0	0	0	0	0	0	0	0	0	0	0	0	0	0	0	0	0	0	0	0	0	0	0	0	0	0	0	0	0	0	0	0	0	0	0	0	16	0
f1de6efe037d3eae174d81225a498251	0	0	0	0	0	0	0	0	0	0	0	0	0	0	0	0	0	15	0	0	0	0	0	0	0	0	0	0	0	0	0	0	0	0	0	0	0	0	0	0	0	0	0	0	0	0	0	0	0	0	0	0	0	0	0	0	0	0	0	0	0	0	0	0	0	0	0	0
c24e0e391aa836b5eae25567c7eb89ee	0	0	0	0	0	0	0	0	0	0	0	0	0	0	0	0	0	15	0	0	0	0	0	0	0	0	0	0	0	0	0	0	0	0	0	0	0	0	0	0	0	0	0	0	0	0	0	0	0	0	0	0	0	0	0	0	0	0	0	0	0	0	0	0	0	0	0	0
29f5d7605cf4510c64c7b4fb1585949d	0	0	0	0	0	0	0	0	0	0	0	0	0	0	0	0	0	0	0	0	0	0	0	0	0	0	0	0	0	0	0	0	15	0	0	0	0	0	0	0	0	0	0	0	0	0	0	0	0	0	0	0	0	0	0	0	0	0	0	0	0	0	0	0	0	0	0	0
0ed3a6836e138f14044f6950ad7280d2	0	0	0	0	0	0	0	0	0	0	0	0	0	0	0	0	0	0	0	0	0	0	0	0	0	0	0	0	0	0	0	0	0	0	0	0	0	0	0	0	0	0	0	0	0	0	0	0	0	0	0	0	0	0	0	0	0	0	0	0	0	0	0	0	0	0	15	0
58b49dfc0481710d4bcf965d73c13498	2	3	0	0	0	0	0	0	0	0	0	0	0	0	0	0	0	0	0	0	0	0	2	2	0	0	0	0	0	0	0	0	0	0	0	0	0	0	0	6	3	2	0	6	0	0	0	0	0	0	0	2	0	0	0	0	0	0	0	0	0	0	0	0	0	0	0	0
b0b1a1340d9375da0e08117e9fd4afd1	0	0	0	0	0	0	0	0	0	0	0	0	0	0	0	0	0	0	0	0	0	0	0	0	0	0	0	0	0	0	14	0	0	0	0	0	0	0	0	0	0	0	0	0	0	0	0	0	0	0	0	0	0	0	0	0	0	0	0	0	0	0	0	0	0	0	0	0
7c7be32c33a9b937cb9c74018a554b34	0	0	0	0	0	0	0	0	0	0	0	0	0	0	0	0	0	0	0	0	0	0	0	0	0	0	0	0	0	0	0	0	0	14	0	0	0	0	0	0	0	0	0	0	0	0	0	0	0	0	0	0	0	0	0	0	0	0	0	0	0	0	0	0	0	0	0	0
ee62d9d5fc38205c0b05acc01e4bce2f	0	0	0	0	0	0	0	0	0	0	0	0	0	0	0	0	0	0	0	0	0	0	0	0	0	0	0	0	0	0	0	0	0	0	0	5	0	0	0	0	0	0	0	9	0	0	0	0	0	0	0	0	0	0	0	0	0	0	0	0	0	0	0	0	0	0	0	0
5d0b8ab28e51ee589a3c7cc202a867b4	0	0	0	0	0	0	0	0	0	0	0	0	0	0	0	0	0	0	0	0	0	0	0	0	0	0	0	0	0	0	0	0	0	10	0	0	0	0	0	14	0	0	0	0	0	0	0	0	0	0	0	0	0	0	0	0	0	0	0	0	0	0	0	0	0	0	0	0
3e9563ffaef41c3eda77c79416aa4f8a	0	0	0	0	0	0	0	0	0	0	0	0	0	0	0	0	0	0	0	0	0	0	0	0	0	0	0	0	0	0	0	3	0	0	0	0	0	0	0	0	0	0	0	2	0	0	0	0	0	0	0	0	0	0	0	0	0	0	0	12	0	0	0	0	0	0	0	0
558ae0f031a6aa73d9bd875d85026aff	0	0	0	4	0	0	0	0	0	0	0	0	0	0	0	0	0	0	0	0	0	0	0	0	0	0	0	0	0	0	9	0	0	0	0	0	0	0	0	0	0	0	0	0	0	0	0	0	0	0	0	0	0	0	0	0	0	0	0	0	0	0	0	0	0	0	0	0
5130eaf6ef68cd5b9a115ab396c3c5e8	0	0	0	0	0	0	13	0	0	0	0	0	0	0	0	0	0	0	0	0	0	0	0	0	0	0	0	0	0	0	0	0	0	0	0	0	0	0	0	0	0	0	0	0	0	0	0	0	0	0	0	0	0	0	0	0	0	0	0	0	0	0	0	0	0	0	0	0
20457eff2396524aa7ecaaf895c2c502	0	0	0	0	0	0	0	0	0	0	0	0	0	0	0	0	0	0	0	0	6	0	0	0	0	3	0	0	0	0	0	0	0	0	0	0	0	0	0	0	4	0	0	0	0	0	0	0	0	0	0	0	0	0	0	0	0	0	0	0	0	0	0	0	0	0	0	0
6fe3444d55ab71e960327f7d3b8ddb04	0	0	0	0	0	0	0	0	0	0	0	0	0	0	0	0	0	0	0	0	0	0	0	0	0	0	0	0	0	0	8	0	5	0	0	0	0	0	0	0	0	0	0	0	0	0	0	0	0	0	0	0	0	0	0	0	0	0	0	0	0	0	0	0	0	0	0	0
980f0ca1e7568340e1718b79e3097bfd	0	0	0	0	0	0	0	0	0	0	0	0	0	0	0	0	0	0	0	0	0	0	0	0	0	0	0	0	0	0	0	0	13	0	0	0	0	0	0	0	0	0	0	0	0	0	0	0	0	0	0	0	0	0	0	0	0	0	0	0	0	0	0	0	0	0	0	0
34239f14f57eed8a2971a240df604a06	0	0	0	0	0	0	0	0	0	0	0	0	0	0	0	0	0	0	0	0	0	0	0	0	0	0	0	0	0	0	0	0	0	0	0	0	6	7	0	0	0	0	0	0	0	0	0	0	5	0	0	0	0	0	0	0	0	0	0	0	0	0	0	0	0	0	0	0
d33cfc9e6d13181c43d31bc9eeabc828	0	0	0	0	0	0	0	0	0	0	0	0	0	0	0	0	0	0	0	0	0	0	0	0	0	0	0	0	0	0	0	0	0	0	0	0	0	9	0	0	2	0	0	0	0	0	0	0	0	0	0	0	0	0	0	0	0	0	0	4	0	0	0	0	0	0	0	0
692805afe0bdfb5c8cd178a0936be3ba	0	0	12	0	0	0	0	0	0	0	0	0	0	0	0	0	0	0	0	0	0	0	0	0	0	0	0	0	0	0	0	0	0	0	0	0	0	0	0	0	0	0	0	0	0	0	0	0	0	0	0	0	0	0	7	0	0	0	0	0	0	0	0	0	0	8	0	0
35cbb315e019e0a8768d4b73862df415	0	0	0	0	0	0	0	0	0	0	0	0	0	0	0	0	0	12	0	0	0	0	0	0	0	0	0	0	0	0	0	0	0	0	0	0	0	0	0	0	0	0	0	0	0	0	0	0	0	0	0	0	0	0	0	0	0	0	0	0	0	0	0	0	0	0	0	0
a62fa6e25e8805dafe5b628529c90023	0	0	0	0	0	0	0	0	0	0	0	0	0	0	0	0	0	0	0	0	0	0	0	0	0	0	0	0	0	0	0	5	0	0	0	0	0	3	0	7	0	0	0	0	0	0	0	0	0	0	0	0	0	0	0	0	0	0	0	0	0	0	0	0	0	0	0	0
b5f38ad6d524a5f9d7c421c3630956d7	0	0	0	0	0	0	0	0	0	0	0	0	0	0	0	0	0	0	0	0	0	0	0	0	0	0	0	0	0	0	0	0	0	0	0	0	0	0	0	12	0	0	0	0	0	0	0	0	0	0	0	0	0	0	0	0	0	0	0	0	0	0	0	0	0	0	0	0
5197a30c5f81af4fd1d70ce1a41808a5	4	0	0	0	0	0	0	7	0	0	0	0	0	0	0	0	0	0	0	0	0	0	0	0	0	0	0	0	0	0	0	0	0	0	0	0	0	0	0	0	0	0	0	0	0	0	0	0	0	0	0	0	0	0	0	0	0	0	0	0	0	0	0	0	0	0	0	0
3fbfb13fa8c20d84c56b29e4044a9431	0	3	3	0	0	0	0	3	0	2	0	0	3	0	0	0	0	0	0	0	0	0	0	0	0	3	0	0	0	0	0	0	0	0	0	0	0	0	0	0	0	0	0	0	0	0	0	0	0	0	0	0	0	0	0	0	0	0	0	0	0	0	0	0	0	0	0	0
b055e1584207c7cb169353c315b31c9b	0	0	0	4	0	3	4	0	0	0	0	0	0	0	0	0	0	0	0	0	3	0	0	0	0	0	0	0	0	0	0	0	0	0	0	0	0	0	0	0	3	0	0	0	0	0	0	0	0	0	0	0	0	0	0	0	0	0	0	0	0	0	0	0	3	2	0	0
2b5d78c3ecdb14c5b116f2209cd23803	0	0	0	0	0	0	0	0	0	0	0	0	0	0	0	0	0	0	11	0	0	0	0	0	0	0	0	0	0	0	0	0	0	0	0	0	0	0	0	0	0	0	0	0	0	0	0	0	0	0	0	0	0	0	0	0	0	0	0	0	0	0	0	0	0	0	0	0
0b62aa17bae5a9ac22aa76a7bbd06604	0	0	0	0	0	0	0	0	0	0	0	0	0	0	0	0	0	0	0	0	0	0	0	0	0	0	0	0	0	0	0	0	0	11	0	0	0	0	0	0	0	0	0	0	0	0	0	0	0	0	0	0	0	0	0	0	0	0	0	0	0	0	0	0	0	0	0	0
e2639cdd7f27ca8827cdd5e66720ad33	0	0	0	0	0	0	0	0	0	0	0	0	0	0	0	0	0	0	0	0	0	0	0	0	0	0	0	0	0	0	0	0	0	0	0	0	0	0	0	0	0	0	0	0	0	0	0	0	0	0	0	0	0	0	0	0	0	0	0	0	0	0	0	0	0	11	0	0
5cd9bc986f097af5b08afa2372eaf4fa	0	2	0	0	0	0	0	0	0	0	0	0	0	0	0	0	0	0	0	0	0	0	0	0	0	0	0	0	0	0	0	0	0	0	0	6	0	0	0	0	0	2	0	0	0	0	0	0	0	0	0	0	0	0	0	0	0	0	0	0	0	0	0	0	0	0	0	0
5d328365bdb8aa2341bd2a7fc62df602	5	0	0	0	2	0	0	0	0	0	3	0	2	0	0	0	0	0	0	0	0	0	0	0	0	0	0	0	0	0	0	0	0	0	0	0	0	0	0	0	0	0	0	0	0	0	0	0	0	0	0	0	0	0	0	0	0	0	0	0	0	0	0	0	0	3	0	0
109d1ab25c9e90627171250d0369141b	0	0	0	0	0	0	0	0	10	0	0	0	3	0	0	0	0	0	0	0	0	0	0	0	0	0	0	0	0	0	0	0	0	0	0	0	0	0	0	0	0	0	0	0	0	0	0	0	0	0	0	0	0	0	0	0	0	0	0	0	0	0	0	0	0	0	0	0
3b7904a8c72e665e8214aff3698b2384	0	0	0	0	0	0	0	0	0	0	0	4	0	0	5	0	0	0	0	0	0	0	0	0	0	0	0	0	0	0	0	0	0	0	0	0	0	0	0	4	0	0	0	2	0	0	0	0	0	0	0	0	0	0	0	0	0	0	2	0	0	0	0	0	0	0	2	0
67023f84f41cd642c2280d1c54be52cc	0	0	0	0	0	0	0	0	0	0	0	0	0	0	10	0	0	0	0	0	0	0	0	0	0	0	0	0	0	0	0	0	0	0	0	0	0	0	0	0	0	0	0	0	0	0	0	0	0	0	0	0	0	0	0	0	0	0	0	0	0	0	0	0	0	0	0	0
4d95791fede395b3808f5b201728d9d9	0	0	0	0	0	0	0	0	0	0	0	0	0	0	0	0	0	10	0	0	0	0	0	0	0	0	0	0	0	0	0	0	0	0	0	0	0	0	0	0	0	0	0	0	0	0	0	0	0	0	0	0	0	0	0	0	0	0	0	0	0	0	0	0	0	0	0	0
52eb585ab00736037a195e9fba6fe898	0	0	0	0	0	0	0	0	0	0	0	0	0	0	0	0	0	0	0	10	0	0	0	0	0	0	0	0	0	0	0	0	0	0	0	0	0	0	0	0	0	0	0	0	0	0	0	0	0	0	0	0	0	0	0	0	0	0	0	0	0	0	0	0	0	0	0	0
3e828015310ef3f80cacb43c806fc8f8	0	0	0	0	0	0	0	0	0	0	0	0	6	0	0	0	0	0	0	0	0	0	0	0	0	0	0	0	0	0	0	0	0	0	0	10	0	0	0	0	0	0	0	0	0	0	0	0	0	0	0	0	0	0	0	0	0	0	0	0	0	0	10	0	0	0	0	0
8210901d6ca77c8cfa89dcb5e02546bd	0	0	0	0	0	0	0	0	0	0	0	0	0	0	0	0	0	0	0	0	0	0	0	0	0	0	0	0	0	0	0	0	0	0	0	0	0	0	0	0	0	0	0	0	0	0	0	0	0	0	0	0	0	0	0	0	0	0	10	0	0	0	0	0	0	0	0	0
c035151220738fb7a3ec6af16b0342da	0	0	9	0	0	0	0	0	0	0	0	0	0	0	0	0	0	0	0	0	0	0	0	0	0	0	0	0	0	0	0	0	0	0	0	0	0	0	0	0	0	0	0	0	0	0	0	0	0	0	0	0	0	0	0	0	0	0	0	0	0	0	0	0	0	0	0	0
8b061d2603136d36dd5469a5e24f9c5a	0	0	0	0	9	0	0	0	0	0	0	0	0	0	0	0	0	0	0	0	0	0	0	0	0	0	0	0	0	0	0	0	0	0	0	0	0	0	0	0	0	0	0	0	0	0	0	0	0	0	0	0	0	0	0	0	0	0	0	0	0	0	0	0	0	0	0	0
1b2a8b6aa2eeac51cddc3fa4cc8b86d8	0	0	0	0	0	0	0	0	0	0	7	0	0	0	0	0	0	0	0	9	0	0	0	0	0	0	0	0	0	0	0	0	0	0	0	0	0	0	0	0	0	0	0	0	0	0	5	0	0	0	8	0	0	0	0	0	0	0	0	0	0	0	0	0	0	0	0	0
6e1b62564b04b083ba6692c47069b5c4	0	0	0	0	0	0	0	0	0	0	0	0	0	0	0	0	0	0	0	0	0	0	0	0	0	0	0	0	0	0	0	0	0	0	0	9	0	0	0	0	0	0	0	0	0	0	0	0	0	0	0	0	0	0	0	0	0	0	0	0	0	0	0	0	0	0	0	0
f59bc8f656fbec59474bcbe473decdd6	0	0	0	0	0	0	0	0	0	0	0	0	0	0	0	0	0	0	0	0	0	0	0	0	0	0	0	0	0	0	0	0	0	0	0	0	0	0	0	5	0	0	0	0	0	0	0	0	0	0	0	0	0	0	0	0	0	0	5	0	0	0	0	0	0	0	4	0
91189472b723457364978cbe45da8853	0	0	0	0	0	0	0	0	0	0	0	0	0	0	0	0	0	0	0	0	0	0	3	0	0	0	0	0	0	0	0	0	0	0	0	6	0	0	0	0	0	0	2	0	9	0	2	0	0	0	0	0	0	0	2	0	0	0	0	0	0	0	0	0	0	0	0	0
a7da93a9744a7863292bcf97d47b6a10	0	0	0	0	0	2	0	0	0	0	0	0	0	0	0	0	0	0	0	0	0	0	0	0	0	0	0	0	0	0	0	0	0	0	0	0	0	0	0	0	0	0	0	0	0	0	0	0	9	0	0	0	0	0	0	0	0	0	0	0	0	0	0	0	0	0	0	0
b699bd6b5702c7c819b9c842ab3a812f	0	0	0	0	0	0	0	0	0	0	0	0	0	0	0	0	0	0	0	0	0	0	0	0	0	0	0	0	0	0	0	0	0	0	0	0	0	0	0	0	0	0	0	0	0	0	0	0	0	0	0	9	0	0	0	0	0	0	0	0	6	0	0	0	0	0	0	0
2e9dd2ae4062719655f0fb21f3020f2c	0	0	0	0	0	0	0	0	0	0	0	0	0	0	0	0	0	0	0	0	0	0	0	0	0	0	0	0	0	0	0	0	0	0	0	0	0	0	0	0	0	0	0	0	0	0	0	0	0	0	0	0	0	0	0	0	0	0	0	0	0	0	0	0	0	0	9	0
0bd48b020245516d1062832360e60667	0	0	8	0	0	0	0	0	0	0	0	0	0	0	0	0	0	0	0	0	0	0	0	0	0	0	0	0	0	0	0	0	0	0	0	0	0	0	0	0	0	0	0	0	0	0	0	0	0	0	0	0	0	0	0	0	0	0	0	0	0	0	0	0	0	0	0	0
e6d50762f1421042c32aa0a95fcb3ed8	5	0	4	0	0	0	0	0	0	0	0	0	4	0	0	0	0	0	0	0	0	0	0	0	0	0	0	0	2	0	0	0	0	0	0	0	0	0	0	0	0	0	0	0	0	0	0	0	0	0	0	0	0	0	0	0	0	0	0	0	0	0	0	0	0	0	0	0
e500c2ebb4dc67376e221b9d6abaf8cd	0	0	0	8	0	0	0	0	0	0	0	0	0	0	0	0	0	0	0	0	0	0	0	0	0	0	0	0	0	0	0	0	0	0	0	0	0	0	0	0	0	0	0	0	0	0	0	0	0	0	0	0	0	0	0	0	0	0	0	0	0	0	0	0	0	0	0	0
52b3142cdacfe38e4e8798078316f90e	0	0	0	0	8	0	0	0	0	0	0	0	0	0	0	0	0	0	0	0	0	0	0	0	0	0	0	0	0	0	0	0	0	0	0	0	0	0	0	0	0	0	0	0	0	0	0	0	0	0	0	0	0	0	0	0	0	0	0	0	0	0	0	0	0	0	0	0
e604775de1abf640b2926703ec444851	0	0	0	0	0	8	0	0	0	0	0	0	0	0	0	0	0	0	0	0	0	0	0	0	0	0	0	0	0	0	0	0	0	0	0	0	0	0	0	0	0	0	0	0	0	0	0	0	0	0	0	0	0	0	0	0	0	0	0	0	0	0	0	0	0	0	0	0
6c9ea50c57e8826963fcabde08ff05e2	0	0	0	0	0	8	0	0	0	0	0	0	0	0	0	0	0	0	0	0	0	0	0	0	0	0	0	0	0	0	0	0	0	0	0	0	0	0	0	0	0	0	0	0	0	0	0	0	0	0	0	0	0	0	0	0	0	0	0	0	0	0	0	0	0	0	0	0
7883ee7af9f81386e600c531d280e6d7	0	0	0	0	0	0	0	0	0	0	0	0	2	0	0	0	0	0	0	0	0	0	0	0	0	0	0	0	0	0	0	0	0	0	0	0	0	0	0	0	0	0	0	6	0	0	0	0	0	0	0	0	0	0	0	0	0	4	0	8	0	0	0	0	0	0	0	0
aa0754201a9cb3cac51755183337ee4a	0	0	0	0	0	0	0	0	0	0	0	0	0	3	0	0	4	0	0	0	0	3	0	0	0	0	0	0	0	0	0	0	0	0	0	0	0	0	0	0	0	0	0	2	0	0	0	0	0	0	0	0	0	0	0	0	0	0	0	0	0	0	0	0	0	0	0	0
0488d1a01cd1d440c6e0b871705942db	0	0	0	4	0	0	0	0	0	0	0	0	0	0	8	0	0	0	0	0	0	0	0	0	0	0	0	0	0	0	0	0	0	0	0	0	0	0	0	0	0	0	0	0	0	0	0	0	0	0	0	0	0	0	0	0	0	0	0	0	0	0	0	0	0	0	0	0
59a7570df4c6eb1c565735b8df63c1c1	0	0	0	0	0	0	0	0	0	0	0	0	0	0	0	0	0	0	0	0	0	0	0	0	0	8	0	0	0	0	0	0	0	0	0	0	0	0	0	0	0	0	0	0	0	0	0	0	0	0	0	0	0	0	0	0	0	0	0	0	0	0	0	0	0	0	0	0
1a039a947e61aa93657905afff3c0f67	0	0	0	0	0	0	0	0	0	0	0	0	0	0	0	0	0	0	0	0	0	0	0	0	0	0	0	0	8	0	0	0	0	0	0	0	0	0	0	0	0	0	0	0	0	0	0	0	0	0	0	0	0	0	0	0	0	0	0	0	0	0	0	0	0	0	0	0
b863f7cbd9aa44b6782e3fc87daf1aaf	0	0	0	0	0	0	0	0	0	0	0	0	0	0	0	0	0	0	0	0	0	0	0	0	0	0	0	0	0	8	0	0	0	0	0	0	0	0	0	0	0	0	0	0	0	0	0	0	0	0	0	0	0	0	0	0	0	0	0	0	0	0	0	0	0	0	0	0
280cb199a3f6296dfe9c0dca616b5353	0	0	0	0	0	0	0	0	0	0	0	0	0	0	0	0	0	0	0	0	0	0	0	0	0	0	0	0	0	0	0	0	8	0	0	0	0	0	0	0	0	0	0	0	0	0	0	0	0	0	0	0	0	0	0	0	0	0	0	0	0	0	0	0	0	0	0	0
1b41bd15b41abe49ab3eca6445fe500b	0	0	0	0	0	0	0	0	0	0	0	0	0	0	0	0	0	0	0	0	0	0	0	0	0	0	0	0	0	0	0	0	0	8	0	0	0	0	0	0	0	0	0	0	0	0	0	0	0	0	0	0	0	0	0	0	0	0	0	0	0	0	0	0	0	0	0	0
d3b2374afa2e51e3122d8f085062de42	0	0	0	0	0	0	0	0	0	0	0	0	0	0	0	0	0	0	0	0	0	0	7	0	0	0	0	0	0	0	0	0	0	0	0	0	0	0	0	0	0	0	0	0	8	0	0	0	0	0	0	0	0	0	0	0	0	0	4	0	0	0	0	0	0	0	3	0
e41c76e406f3f91ff1042f0c0403eb81	0	0	0	0	0	0	0	0	0	0	0	0	0	0	0	0	0	0	0	0	0	0	0	6	0	0	0	0	0	0	0	0	0	0	0	0	0	0	0	0	0	0	5	0	8	0	0	0	0	0	0	0	0	0	0	0	0	0	0	0	0	0	0	0	0	0	0	0
16c77ed3415d77986142e3074992f677	0	0	0	0	0	0	0	0	0	0	0	0	0	5	5	0	0	0	0	0	0	0	0	0	0	0	0	0	0	0	0	0	0	0	0	0	0	0	0	0	0	0	0	0	0	8	0	0	0	0	0	0	0	0	0	0	0	0	0	0	0	0	0	0	0	0	0	0
a3d354a03a28ba1eb1ae369b63443f62	0	0	0	0	0	0	0	0	0	0	0	0	0	0	0	0	0	0	0	0	0	0	0	0	0	0	0	0	0	0	0	0	0	0	0	0	0	0	0	0	0	0	0	0	0	0	8	0	0	0	0	0	0	0	0	0	0	0	0	0	3	0	0	0	0	0	0	0
52f451c40ebce519381905eae5063e74	0	0	0	0	0	0	0	0	0	0	0	0	0	0	0	0	0	0	0	0	0	0	0	0	0	0	0	0	0	0	0	0	0	0	0	0	0	0	0	0	0	0	0	0	0	0	0	0	0	8	0	0	0	0	0	0	0	0	0	0	0	0	0	0	0	0	0	0
aaf5c28c535a7379b2c90ef64aeac800	0	0	0	0	0	0	0	0	0	0	0	0	0	0	0	0	0	0	0	0	0	0	0	0	0	0	0	0	0	0	0	0	0	0	0	0	0	0	0	0	0	0	0	0	0	0	0	0	0	0	0	0	8	0	0	0	0	0	0	0	0	0	0	0	0	0	0	0
09183c715aaddfa53668d9f9d381265f	0	0	0	0	0	0	0	0	0	7	0	0	0	7	0	0	0	0	0	0	0	0	0	0	0	0	0	0	0	0	0	0	0	0	0	0	0	0	0	0	0	0	0	0	0	0	0	0	0	0	0	0	0	0	0	0	0	0	0	0	0	0	0	0	0	0	0	0
5a0e9f75c29393173238e36347db0b83	0	0	0	0	0	0	0	0	0	0	0	0	0	0	0	5	0	0	0	0	0	0	0	0	0	0	0	2	0	0	0	0	0	0	0	0	0	0	0	0	0	0	0	0	0	0	0	0	0	0	0	0	0	0	0	0	0	0	0	0	0	0	0	0	0	0	0	0
e3eb83630b89b79e802fe55da9a17a9c	0	0	0	0	0	0	0	0	0	0	0	0	0	0	0	0	0	0	7	0	0	0	0	0	0	0	0	0	0	0	0	0	0	0	0	0	0	0	0	0	0	0	0	0	0	0	0	0	0	0	0	0	0	0	0	0	0	0	0	0	0	0	0	0	0	0	0	0
06686d1d45e88a7c603993b175d95640	0	0	0	0	0	0	0	0	0	0	0	0	0	0	0	0	0	0	0	7	0	0	0	0	0	0	0	0	0	0	0	0	0	0	0	0	0	0	0	0	0	0	0	0	0	0	0	0	0	0	0	0	0	0	0	0	0	0	0	0	0	0	0	0	0	0	0	0
02356445a236c7062ea9cf60e9c95e38	0	0	0	0	0	0	0	0	0	0	0	0	0	0	0	0	0	0	0	0	2	0	0	0	0	0	0	0	0	0	0	0	0	0	0	0	0	0	0	0	0	0	0	0	0	0	0	0	0	0	0	0	5	0	0	0	0	0	0	0	0	0	0	0	0	0	0	0
66b1b0eb15a4f580eaf63b09a2f26d20	0	0	0	0	0	0	0	0	0	0	0	0	0	0	0	0	0	0	0	0	0	7	0	0	0	0	0	0	0	0	0	0	0	0	0	0	0	0	0	0	0	0	0	0	0	0	0	0	0	0	0	0	0	0	0	0	0	0	0	0	0	0	0	0	0	0	0	0
4fdf31bb2542eef3185b78f7421d6bf4	0	0	0	0	0	0	0	0	0	0	0	0	0	0	0	0	0	0	0	0	0	0	7	0	0	0	0	0	0	0	0	0	0	0	0	0	0	0	0	7	0	0	0	0	0	0	0	0	0	0	0	0	0	0	0	0	0	0	0	0	0	0	0	0	0	0	0	0
d6358fca68ff73cb0a95ad6e015a403a	0	0	0	0	0	0	0	0	0	0	0	0	0	0	0	0	0	0	0	0	0	0	0	0	0	0	7	0	0	0	0	0	0	0	0	0	0	0	0	0	0	0	0	0	0	0	0	0	0	0	0	0	0	0	0	0	0	0	0	0	0	0	0	0	0	0	0	0
abc360eb739a36a0534975449c9f6b20	0	0	0	0	0	0	0	0	0	0	0	0	0	0	0	0	0	0	0	0	0	0	0	0	0	0	0	0	0	0	0	0	0	7	0	0	0	0	0	0	0	0	0	0	0	0	0	0	0	0	0	0	0	0	0	0	0	0	0	0	0	0	0	0	0	0	0	0
4a3e0691991e5fcd61cf2addf8041e39	0	0	0	0	0	0	0	0	0	0	0	0	0	0	0	0	0	0	0	0	0	0	0	0	0	0	0	0	0	0	0	0	0	0	0	7	0	0	0	0	0	0	0	0	0	0	0	0	0	0	0	0	0	0	0	0	0	0	0	0	0	0	0	0	0	0	0	0
7a51cb18d93d107c14ff51068816e19b	0	0	0	0	0	0	0	0	0	0	0	0	0	0	0	0	0	0	0	0	0	0	0	0	0	0	0	0	0	0	0	0	0	0	0	0	0	0	0	7	0	0	0	0	0	0	0	0	0	0	0	0	0	0	0	0	0	0	0	0	0	0	0	0	0	0	0	0
3d6561d94bcce005018b71896adfa0a8	0	0	0	0	0	0	0	0	0	0	0	0	0	0	0	0	0	0	0	0	0	0	0	0	0	0	0	0	0	0	0	0	0	0	0	0	0	0	0	0	0	4	0	0	0	0	0	0	0	0	0	0	0	0	0	0	0	0	0	0	0	0	0	0	3	0	0	0
172fd3be615290958863e445bfe7b238	0	0	0	0	0	0	0	0	0	0	0	0	0	0	0	0	0	0	0	0	0	0	0	0	0	0	0	0	0	0	0	0	0	0	0	0	0	0	0	0	0	0	0	7	0	0	0	0	0	0	0	0	0	0	0	0	0	0	0	0	0	0	0	0	0	0	0	0
7200c270c9f92ab3d103779fee175367	0	0	0	0	0	0	0	0	0	0	0	0	0	0	0	0	0	0	0	0	0	0	0	0	0	0	0	0	0	0	0	0	0	0	0	0	0	0	0	0	0	0	0	0	0	0	0	0	0	0	0	0	0	7	0	0	0	0	0	0	0	0	0	0	0	0	0	0
23ee5f0a2c637e20d6608eb06d3d24f4	0	0	0	0	0	0	0	0	0	0	0	0	0	0	0	0	0	0	0	0	0	0	0	0	0	0	0	0	0	0	0	0	0	0	0	0	0	0	0	0	0	0	0	0	0	0	0	0	0	0	0	0	0	0	0	0	0	0	0	0	0	0	4	0	0	7	0	0
cd77fa34617482c5041b0608611829df	0	0	0	0	0	0	0	0	0	0	0	0	0	0	0	0	0	0	0	0	0	0	0	0	0	0	0	0	0	0	0	0	0	0	0	0	0	0	0	0	0	0	0	0	0	0	0	0	0	0	0	0	0	0	0	0	0	0	0	0	0	0	0	0	0	0	7	0
be21f9ca0c6b1829f6ab42e69e1a4a17	0	6	0	0	0	0	0	0	0	0	0	0	0	0	0	0	0	0	0	0	0	0	0	0	0	0	0	0	0	0	0	0	0	0	0	0	0	0	0	0	0	0	0	0	0	0	0	0	0	0	0	0	0	0	0	0	0	0	0	0	0	0	0	0	0	0	0	0
b588e7b43d5fa0b9e785fc668207da16	0	6	0	0	0	0	0	0	0	0	0	0	0	0	0	0	0	0	0	0	0	0	0	0	0	0	0	0	0	0	0	0	0	0	0	0	0	0	0	0	0	0	0	0	0	0	0	0	0	0	0	0	0	0	0	0	0	0	0	0	0	0	0	0	0	0	0	0
0034dfcc85e9c2dc4c0a8dc3fbf0b98b	0	0	6	0	0	0	0	0	0	0	0	0	0	0	0	0	0	0	0	0	0	0	0	0	0	0	0	0	0	0	0	0	0	0	0	0	0	0	0	0	0	0	0	0	0	0	0	0	0	0	0	0	0	0	0	0	0	0	0	0	0	0	0	0	0	0	0	0
b540007ecb02a424e9a271f3c1acbdb0	0	0	0	6	0	0	0	0	0	0	3	0	0	0	0	0	0	0	0	0	0	0	0	0	0	0	0	0	0	0	0	0	0	0	0	0	0	0	0	0	0	0	0	0	0	0	0	0	0	0	0	0	0	0	0	0	0	0	0	0	0	0	0	0	0	0	0	0
349e5e587a3384a94287130e88d013f1	0	0	0	0	0	0	0	0	0	0	6	0	0	0	0	0	0	0	0	0	0	0	0	0	0	0	0	0	0	0	0	0	0	0	0	0	0	0	0	0	0	0	0	0	0	0	0	0	0	0	0	0	0	0	0	0	0	0	0	0	0	0	0	0	0	0	0	0
1c3f5ab09dadc2de25f357ac241907b5	0	0	0	0	0	0	0	0	0	0	6	0	0	0	0	0	0	0	0	0	0	0	0	0	0	0	0	0	0	0	0	0	0	0	0	0	0	0	0	0	0	0	0	0	0	0	0	0	0	0	0	0	0	0	0	0	0	0	0	0	0	0	0	0	0	0	0	0
177589b19d15f567841989cdc963c0bc	0	0	0	0	0	0	0	0	0	0	3	0	0	0	0	0	0	0	0	0	0	0	0	0	0	0	0	0	0	0	0	0	0	0	0	0	0	0	0	0	0	0	0	3	0	0	0	0	0	0	0	0	0	0	0	0	0	0	0	0	0	0	0	0	0	0	0	0
7545916207af16d74fbdc653bfc6af4b	0	0	0	0	0	0	0	0	0	0	0	0	0	0	6	0	0	0	0	0	0	0	0	0	0	0	0	0	0	0	0	0	0	0	0	0	0	0	0	0	0	0	0	0	0	0	0	0	0	0	0	0	0	0	0	0	0	0	0	0	0	0	0	0	0	0	0	0
4574574db883d2aa8619fd848c62e544	0	0	0	0	0	0	0	0	0	0	0	0	0	0	0	0	0	6	0	0	0	0	0	0	0	0	0	0	0	0	0	0	0	0	0	0	0	0	0	0	0	0	0	0	0	0	0	0	4	0	0	0	0	0	0	0	0	0	0	0	0	0	0	0	0	0	0	0
9430974da000875371f1fd13803de7e6	0	0	0	0	0	0	0	0	0	0	0	0	0	0	0	0	0	0	6	0	0	0	0	0	0	0	0	0	0	0	0	0	0	0	0	0	0	0	0	0	0	0	0	0	0	0	0	0	0	0	0	0	0	0	0	0	0	0	0	0	0	0	0	0	0	0	0	0
2051c11a6a51f18347ecb4175a3c1e5f	0	0	0	0	0	0	0	0	0	0	0	0	0	0	0	0	0	0	0	0	0	0	6	0	0	0	0	0	0	0	0	0	0	0	0	0	0	0	0	0	0	0	0	0	0	0	0	0	0	0	0	0	0	0	0	0	0	0	0	0	0	0	0	0	0	0	0	0
4492d3c99c8c5054cfd59c65b5bc5db2	0	0	0	0	0	0	0	0	0	0	0	0	0	0	0	0	0	0	0	0	0	0	0	0	0	0	0	0	0	0	6	0	0	0	0	0	0	0	0	0	0	0	0	0	0	0	0	0	0	0	0	0	0	0	0	0	0	0	0	0	0	0	0	0	0	0	0	0
ba0ce33cc486e4404cb85dd7cf37957a	0	0	0	0	0	0	0	0	0	0	0	0	0	0	0	0	0	0	0	0	0	0	0	0	0	0	0	0	0	0	0	0	0	6	0	0	0	0	0	0	0	0	0	0	0	0	0	0	0	0	0	0	0	0	0	0	0	0	0	0	0	0	0	0	0	0	0	0
0994463c8392d3422b91a80bebac16ad	0	0	0	0	0	0	0	0	0	0	0	0	0	0	0	0	0	0	0	0	0	0	0	0	0	0	0	0	0	0	0	0	0	0	0	6	0	0	0	0	0	0	0	0	0	0	0	0	0	0	0	0	0	0	0	0	0	0	0	0	0	0	0	0	0	0	0	0
ee2ed81c112204f4951fb3cdc6de2b13	0	0	0	0	0	0	0	0	0	0	0	0	0	0	0	0	0	0	0	0	5	0	0	0	0	0	0	0	0	0	0	0	0	0	0	0	0	0	0	3	0	2	0	0	0	0	0	0	0	0	3	0	0	0	0	0	0	0	0	0	0	0	0	0	0	0	0	0
dfcc4decf7911e6b1909301f9ca64d7d	0	0	0	0	0	0	0	0	0	0	0	0	0	0	0	0	0	0	0	0	0	0	0	0	0	0	0	0	0	0	0	0	0	0	0	0	0	0	0	0	6	0	0	0	0	0	0	0	0	0	0	0	0	0	0	0	0	0	0	0	0	0	0	0	0	0	0	0
9c6943ca459f39380a19b5a36605b1bd	0	0	0	0	2	0	0	0	0	0	0	0	0	0	0	0	0	0	0	0	0	0	0	0	0	0	0	0	0	0	0	0	0	0	0	0	0	0	0	0	0	0	0	0	0	0	0	0	0	0	0	6	0	0	0	0	0	0	0	0	0	0	0	0	0	0	0	0
f2ccb98023b1fb20106f9bbce9cf7845	0	0	0	0	0	0	0	0	0	0	0	0	0	0	0	0	0	0	0	0	0	0	0	0	0	0	0	0	0	0	0	0	0	0	0	0	0	0	0	0	0	0	0	0	0	0	0	0	0	0	0	0	0	0	0	6	0	0	0	0	0	0	0	0	0	0	0	0
927ad213972c1b8f8313e3adff2ca883	0	0	0	0	0	0	0	0	0	0	0	0	0	0	0	0	0	0	0	0	0	0	0	0	0	0	0	0	0	0	4	0	0	0	0	0	0	0	0	0	0	5	0	0	0	0	0	0	0	0	0	0	0	0	0	0	0	6	0	0	0	0	0	0	0	0	0	0
eaaab434e91a6b40fc8209e1ec8923e7	0	0	0	0	0	0	0	0	0	0	0	0	0	0	0	0	0	0	0	0	0	0	0	0	0	0	0	0	0	0	0	3	0	0	0	0	0	0	0	0	0	0	0	0	0	0	0	0	0	0	0	0	0	0	0	0	0	0	0	6	0	0	0	0	0	0	0	0
2b4b5f22e9633491400820c62fe8b5af	0	0	0	0	0	0	0	0	0	0	0	0	0	0	0	5	0	0	0	0	0	0	0	0	0	0	0	0	0	0	0	0	0	0	0	0	0	0	0	0	0	0	0	0	0	0	0	0	0	0	0	0	0	0	0	0	0	0	0	6	0	0	0	0	0	0	0	0
f727ab4f688dfb8f4f668b23ff95fce3	0	0	0	0	0	0	0	0	0	0	0	0	0	0	0	0	0	0	0	0	0	0	0	0	0	0	0	0	0	0	0	0	0	0	0	0	0	0	0	0	0	0	0	0	0	0	0	0	0	0	0	0	0	0	0	0	0	0	0	0	0	6	0	0	0	0	0	0
c0475db433bd6dc58ff002583bfe580e	0	0	0	0	0	0	0	0	0	0	0	0	0	0	0	0	0	0	0	0	0	0	0	0	0	0	0	0	0	0	0	0	0	0	0	0	0	0	0	0	0	0	0	0	0	0	0	0	0	0	0	0	0	0	0	0	0	0	0	0	0	0	6	0	0	0	0	0
ebaffdf509cd24989cd562541b10192e	0	0	0	0	0	0	0	0	0	0	0	0	0	0	0	0	0	0	0	0	0	0	0	0	0	0	0	0	0	0	0	0	0	0	0	0	0	0	0	0	0	0	0	0	0	0	0	0	0	0	0	0	0	0	0	0	0	0	0	0	0	0	0	0	6	0	0	0
9308073b302fc22457e51bce2e5a5c6e	0	5	0	0	0	0	0	0	0	0	0	0	0	0	0	0	0	0	0	0	0	0	0	0	0	0	0	0	0	0	0	0	0	0	0	0	0	0	0	0	0	0	0	0	0	0	0	0	0	0	0	0	0	0	0	0	0	0	0	0	0	0	0	0	0	0	0	0
e7a9fe6bc678f58797ebec1c495d8947	0	0	5	0	0	0	0	0	0	0	0	0	0	0	0	0	0	0	0	0	0	0	0	0	0	0	0	0	0	0	0	0	0	0	0	0	0	0	0	0	0	0	0	0	0	0	0	0	0	0	0	0	0	0	0	0	0	0	0	0	0	0	0	0	0	0	0	0
1fede5c1ac8ab7edcde6c0c8fd82eacf	0	0	0	5	0	0	0	0	0	0	0	0	0	0	0	0	0	0	0	0	0	0	0	0	0	0	0	0	0	0	0	0	0	0	0	0	0	0	0	0	0	0	0	0	0	0	0	0	0	0	0	0	0	0	0	0	0	0	0	0	0	0	0	0	0	0	0	0
836e24404c8c4230b94587c943a64c0d	0	0	0	2	0	0	0	0	0	0	0	0	0	0	0	0	0	0	0	0	0	0	0	0	0	0	0	0	0	0	0	0	0	0	0	0	0	0	0	0	0	0	0	0	2	0	0	0	0	0	0	0	3	0	0	0	0	0	0	0	0	0	0	0	0	0	0	0
5ce7fb944aef4a8f835757a386ad5d03	0	0	0	0	0	0	0	0	0	0	0	0	5	0	0	0	0	0	0	0	0	0	0	0	0	0	0	0	0	0	0	0	0	0	0	0	0	0	0	0	0	0	0	0	0	0	0	0	0	0	0	0	0	0	0	0	0	0	0	0	0	0	0	0	0	0	0	0
8d64647a6afa4e7cdbfcfea2561daeb4	0	0	0	0	0	0	0	0	0	0	0	0	5	0	0	0	0	0	0	0	0	0	0	0	0	0	0	0	0	0	0	0	0	0	0	0	0	0	0	0	0	0	0	0	0	0	0	0	0	0	0	0	0	0	0	0	0	0	0	0	0	0	0	0	0	0	0	0
1aa6c803cbd5bd712b5412e840547bb5	0	0	0	0	0	0	0	0	0	0	0	0	5	0	0	0	0	0	0	0	0	0	0	0	0	0	0	0	0	0	0	0	0	0	0	0	0	0	0	0	0	0	0	0	0	0	0	0	0	0	0	0	0	0	0	0	0	0	0	0	0	0	0	0	0	0	0	0
fa64acdb5a9636f4f57cd00602e895d1	0	0	0	0	0	0	0	0	0	0	0	0	5	0	0	0	0	0	0	0	0	0	0	0	0	0	0	0	0	2	0	0	0	0	0	0	0	0	0	2	0	0	0	0	0	3	0	0	0	0	0	0	0	0	0	0	0	0	0	0	0	0	0	0	0	0	0	0
2544837e817ebb7935c20c75641c0cd3	0	0	0	0	0	0	0	0	0	0	0	0	0	0	0	5	0	0	0	0	0	0	0	0	0	0	0	0	0	0	0	0	0	0	0	0	0	0	0	0	0	0	0	0	0	0	0	0	0	0	0	0	0	0	0	0	0	0	0	0	0	0	0	0	0	0	0	0
66bcf156b9303730302937df714ba3a0	0	0	0	0	0	0	0	0	0	0	0	0	0	0	0	0	0	0	0	5	0	0	0	0	0	0	0	0	0	0	0	0	0	0	0	0	0	0	0	0	0	0	0	0	0	0	0	0	0	0	0	0	0	0	0	0	0	0	0	0	0	0	0	0	0	0	0	0
10c62a70cf61ae891222e73c80fb4422	0	0	0	0	0	0	0	0	0	0	0	0	0	0	0	0	0	0	0	0	5	0	0	0	0	0	0	0	0	0	0	0	0	0	0	0	0	0	0	0	0	0	0	0	0	0	0	0	0	0	0	0	0	0	0	0	0	0	0	0	0	0	0	0	0	0	0	0
4a2adf29dab9a706420e3d65d5e54b47	0	0	0	0	0	0	0	0	0	0	0	0	0	0	0	0	0	0	0	0	2	0	0	0	0	0	0	0	0	0	0	0	0	0	0	0	3	0	0	0	0	0	0	0	0	0	0	0	0	0	0	0	0	0	0	0	0	0	0	0	0	0	0	0	0	0	0	0
d66f31eeecb9a724d1b4f8ed90acef49	0	0	0	0	0	0	0	0	0	0	0	0	0	0	0	0	0	3	0	0	0	0	0	0	0	0	0	0	5	0	0	0	0	0	0	0	0	0	0	0	0	0	0	0	0	0	0	0	0	0	0	0	0	0	0	0	0	0	0	0	0	0	0	0	0	0	0	0
0c410683e68edf42337559941e5d3018	0	0	0	0	0	0	0	0	0	0	0	0	0	0	0	0	0	0	0	0	0	0	0	0	0	0	0	0	0	0	0	0	0	0	0	5	0	0	0	0	0	0	0	0	0	0	0	0	0	0	0	0	0	0	0	0	0	0	0	0	0	0	0	0	0	0	0	0
d2952b5b288732987873aafdff21c062	0	0	0	0	0	0	0	0	0	0	0	0	0	0	0	0	0	0	0	0	0	0	0	0	0	0	0	0	0	0	0	0	0	0	0	0	0	0	0	5	0	0	0	0	0	0	0	0	0	0	0	0	0	0	0	0	0	0	0	0	0	0	0	0	0	0	0	0
e63d76792ac4ff540fd989389de5cc65	0	0	0	0	0	0	0	0	0	0	0	0	0	0	0	0	0	0	0	0	0	0	0	0	0	0	0	0	0	0	0	0	0	0	0	0	0	0	0	0	0	0	5	0	0	0	0	0	0	0	0	0	0	0	0	0	0	0	0	0	0	0	0	0	0	0	0	0
ae72e7196eddaefbe94e234121dd8ab7	0	0	0	0	0	0	0	0	0	0	0	0	0	0	0	0	0	0	0	0	0	0	2	0	0	0	0	0	0	0	0	0	0	0	0	0	0	0	0	2	0	0	0	0	0	0	0	0	2	0	0	0	0	0	0	0	0	0	0	5	0	0	0	0	0	0	0	0
88ec00cabebb689e0ef279fa962c6556	0	0	0	0	0	0	0	0	0	0	0	0	0	0	0	0	0	0	0	0	0	0	0	0	0	0	0	0	0	0	0	0	0	0	0	0	0	0	0	0	0	0	0	0	0	0	0	0	0	0	0	0	0	0	0	0	0	0	0	0	0	0	0	5	2	0	0	0
1388956e75647b505ba9a982f52fa1a0	0	0	4	0	0	0	0	0	0	0	0	0	0	0	0	0	0	0	0	0	0	0	0	0	0	0	0	0	0	0	0	0	0	0	0	0	0	0	0	0	0	0	0	0	0	0	0	0	0	0	0	0	0	0	0	0	0	0	0	0	0	0	0	0	0	0	0	0
52f16020ebae5c9c70aa96ff3128c8c4	0	0	0	4	0	0	0	0	0	0	0	0	0	0	0	0	0	0	0	0	0	0	0	0	0	0	0	0	0	0	0	0	0	0	0	0	0	0	0	0	0	0	0	0	0	0	0	0	0	0	0	0	0	0	0	0	0	0	0	0	0	0	0	0	0	0	0	0
9ffce253fad5d11633cf75b6309e6fbb	0	0	0	0	0	4	0	0	0	0	0	0	0	0	0	0	0	0	0	0	0	0	0	0	0	0	0	0	0	0	0	0	0	0	0	0	0	0	0	0	0	0	0	0	0	0	0	0	0	0	0	0	0	0	0	0	0	0	0	0	0	0	0	0	0	0	0	0
1695256b57aa4935c994dfc9ef106aef	0	0	0	0	0	4	0	0	0	0	0	0	0	0	0	0	0	0	0	0	0	0	0	0	0	0	0	0	0	0	0	0	0	0	0	0	0	0	0	0	0	0	0	0	0	0	0	0	0	0	0	0	0	0	0	0	0	0	0	0	0	0	0	0	0	0	0	0
dde9d038a672d7defbbe8a18f250c3cf	0	0	0	0	0	0	4	0	0	0	0	0	0	0	0	0	0	0	0	0	0	0	0	0	0	0	0	0	0	0	0	0	0	0	0	0	0	0	0	0	0	0	0	0	0	0	0	0	0	0	0	0	0	0	0	0	0	0	0	0	0	0	0	0	0	0	0	0
1454b03af3c8c391b4f8e42b988a54eb	0	0	0	0	0	0	4	0	0	0	0	0	0	0	0	0	0	0	0	0	0	0	0	0	0	0	0	0	0	0	0	0	0	0	0	0	0	0	0	0	0	0	0	0	0	0	0	0	0	0	0	0	0	0	0	0	0	0	0	0	0	0	0	0	0	0	0	0
83d62f45459a1d4ed90c25c49d62be9a	0	0	0	0	0	0	4	0	0	0	0	0	0	0	0	0	0	0	0	0	0	0	0	0	0	0	0	0	0	0	0	0	0	0	0	0	0	0	0	0	0	0	0	0	0	0	0	0	0	0	0	0	0	0	0	0	0	0	0	0	0	0	0	0	0	0	0	0
58effbc1c86da5607d17a70b1373e3fa	0	0	0	0	0	0	0	4	0	0	0	0	0	0	0	0	0	0	0	0	0	0	0	0	0	0	0	0	0	0	0	0	0	0	0	0	0	0	0	0	0	0	0	0	0	0	0	0	0	0	0	0	0	0	0	0	0	0	0	0	0	0	0	0	0	0	0	0
ab290c3a02b5500a22df31f258186706	0	0	0	0	0	0	0	0	0	4	0	0	0	0	0	0	0	0	0	0	0	0	0	0	0	0	0	0	0	0	0	0	0	0	0	0	0	0	0	0	0	0	0	0	0	0	0	0	0	0	0	0	0	0	0	0	0	0	0	0	0	0	0	0	0	0	0	4
317ea5893016bd566bbbb90b64314fff	0	0	0	0	0	0	0	0	0	0	0	4	0	0	0	0	0	0	0	0	0	3	0	0	0	0	0	0	0	0	0	0	0	0	0	0	0	0	0	0	0	0	2	0	0	0	0	0	0	0	0	4	0	0	0	0	0	0	0	0	0	0	0	0	0	0	0	0
0d5efcff77a4b7decd5d0f0d7e13e55f	0	0	0	0	0	0	0	0	0	0	0	0	4	0	0	0	0	0	0	0	0	0	0	0	0	0	0	0	0	0	0	0	0	0	0	0	0	0	0	0	0	0	0	0	0	0	0	0	0	0	0	0	0	0	0	0	0	0	0	0	0	0	0	0	0	0	0	0
b01574eedc4ce41c50d87bc2b6747038	0	0	0	0	0	0	0	0	0	0	0	0	0	0	4	0	0	0	0	0	0	0	0	0	0	0	0	0	0	0	0	0	0	0	0	0	0	0	0	0	0	0	0	0	0	0	0	0	0	0	0	0	0	0	0	0	0	0	0	0	0	0	0	0	0	0	0	0
4005a476b029e1176ae80331deb715d3	0	0	0	0	0	0	0	0	0	0	0	0	0	0	0	4	0	0	0	0	0	0	0	0	0	0	0	0	0	0	0	0	0	0	0	0	0	0	0	0	0	0	0	0	0	0	0	0	0	0	0	0	0	0	0	0	0	0	0	0	0	0	0	0	0	0	0	0
ace354c29d70af2ba9e51fee480e8593	0	0	0	0	0	0	0	0	0	0	0	0	0	0	0	0	4	0	0	0	0	0	0	0	0	0	0	0	0	0	0	0	0	0	0	0	0	0	0	0	0	0	0	0	0	0	0	0	0	0	0	0	0	0	0	0	0	0	0	0	0	0	0	0	0	0	0	0
3983e46d6d82b3e413dd3cecf61a7288	0	0	0	0	0	0	0	0	0	0	0	0	0	0	0	0	4	0	0	0	0	0	0	0	0	0	0	0	0	0	0	0	0	0	0	0	0	0	0	0	0	0	0	0	0	0	0	0	0	0	0	0	0	0	0	0	0	0	0	0	0	3	0	0	0	0	0	0
c063a467b68711c11acfc9df570ad19f	0	0	0	0	0	0	0	0	0	0	0	0	0	0	0	0	4	0	0	0	0	0	0	0	0	0	0	0	0	0	0	0	0	0	0	0	0	0	0	0	0	0	0	0	0	0	0	0	0	0	0	0	0	0	0	0	0	0	0	0	0	0	0	0	0	0	0	0
08a0cf376add32f3f4b57ec1e82a7a27	0	0	0	0	0	0	0	0	0	0	0	0	0	0	0	0	0	4	0	0	0	0	0	0	0	0	0	0	0	0	0	0	0	0	0	0	0	0	0	0	0	0	0	0	0	0	0	0	0	0	0	0	0	0	0	0	0	0	0	0	0	0	0	0	0	0	0	0
a1db7520205be25de2d8d0e5cc1625d9	0	0	0	0	0	0	0	0	0	0	0	0	0	0	0	0	0	4	0	0	0	0	0	0	0	0	0	0	0	0	0	0	0	0	0	0	0	0	0	0	0	0	0	0	0	0	0	0	0	0	0	0	0	0	0	0	0	0	0	0	0	0	0	0	0	0	0	0
43f04645cc0dc308c624999e65eef75e	0	0	0	0	0	0	0	0	0	0	0	0	0	0	0	0	0	0	0	4	0	0	0	0	0	0	0	0	0	0	0	0	0	0	0	0	0	0	0	0	0	0	0	0	0	0	0	0	0	0	0	0	0	0	0	0	0	0	0	0	0	0	0	0	0	0	0	0
14150c909b0c5ff11e028c843d25d9f0	0	0	0	0	0	0	0	0	0	0	0	0	0	0	0	0	0	0	0	4	0	0	0	0	0	0	0	0	0	0	0	0	0	0	0	0	0	0	0	0	0	0	0	0	0	0	0	0	0	0	0	0	0	0	0	0	0	0	0	0	0	0	0	0	0	0	0	0
ccb3970cc553627e918e9217ea71b1f1	0	0	0	0	0	0	0	0	0	0	0	0	0	0	0	0	0	0	0	2	0	0	0	0	0	0	0	0	0	0	0	0	0	0	0	0	0	0	0	0	0	0	2	0	0	0	0	0	0	0	0	0	0	0	0	0	0	0	0	0	0	0	0	0	0	3	0	0
006d00cadaa9436af26848b5c16d1117	0	0	0	0	0	0	0	0	0	0	0	0	0	0	0	0	0	0	0	0	4	0	0	0	0	0	0	0	0	0	0	0	0	0	0	0	0	0	0	0	0	0	0	0	2	0	0	0	0	0	0	0	0	0	0	0	0	0	0	0	0	0	0	0	0	0	0	0
b30ccb699e2a9defa91475eaf1a54b9d	0	0	0	0	0	0	0	0	0	0	0	0	0	0	0	0	0	0	0	0	4	0	0	0	0	0	0	0	0	0	0	0	0	0	0	0	0	0	0	0	0	0	0	0	0	0	0	0	0	0	0	0	0	0	0	0	0	0	0	0	0	0	0	0	0	0	0	0
2283d4d30dfd0b0f6db63e868f5a6bb0	0	0	0	0	0	0	0	0	0	0	0	0	0	0	0	0	0	0	0	0	4	0	0	0	0	0	0	0	0	0	0	0	0	0	0	0	0	0	0	0	0	0	0	0	0	0	0	0	0	0	0	0	0	0	0	0	0	0	0	0	0	0	0	0	0	0	0	0
8dce397e039fed2a6aebb5d24f986238	0	0	0	0	0	0	0	0	0	0	0	0	0	0	0	0	0	0	0	0	0	0	4	0	0	0	0	0	0	0	0	0	0	0	0	0	0	0	0	0	0	0	0	0	0	0	0	0	0	0	0	0	0	0	0	0	0	0	0	0	0	0	0	0	0	0	0	0
e9f729b671b3a841b83c0ab879f3bca5	0	0	0	0	0	0	0	0	0	0	0	0	0	0	0	0	0	0	0	0	0	0	0	0	0	4	0	0	0	0	0	0	0	0	0	0	0	0	0	0	0	0	0	0	0	0	0	0	0	0	0	0	0	0	0	0	0	0	0	0	0	0	0	0	0	0	0	0
a7cbc5d59d685ba39182605f8b3c17d9	0	0	0	0	0	0	0	0	0	0	0	0	0	0	0	0	0	0	0	0	0	0	0	0	0	0	0	4	0	0	0	0	0	0	0	0	0	0	0	0	0	0	0	0	0	0	0	0	0	0	0	0	0	0	0	0	0	0	0	0	0	0	0	0	0	0	0	0
070356493d9b62744ff536cefc809394	0	0	0	0	0	0	0	0	0	0	0	0	0	0	0	0	0	0	0	0	0	0	0	0	0	0	0	0	4	0	0	0	0	0	0	0	0	0	0	0	0	0	0	2	0	0	0	0	0	0	0	0	0	0	0	0	0	0	0	0	0	0	0	0	0	0	0	0
e75f7d971b7e1f4fd01a5bebfa1bc523	0	0	0	0	0	0	0	0	0	0	0	0	0	0	0	0	0	0	0	0	0	0	0	0	0	0	0	0	0	4	0	0	0	0	0	0	0	0	0	0	0	0	0	0	0	0	0	0	0	0	0	0	0	0	0	0	0	0	0	0	0	0	0	0	0	0	0	0
ca02c6ce74209366c44095b1578c6987	0	0	0	0	0	0	0	0	0	0	0	0	0	0	0	0	0	0	0	0	0	0	0	0	0	0	0	0	0	4	0	0	0	0	0	0	0	0	0	0	0	0	0	0	0	0	0	0	0	0	0	0	0	0	0	0	0	0	0	0	0	0	0	0	0	0	0	0
52939c8d2594143497bca3118e8acea1	0	0	0	0	0	0	0	0	0	0	0	0	0	0	0	0	0	0	0	0	0	0	0	0	0	0	0	0	0	0	4	0	0	0	0	0	0	0	0	0	0	0	0	0	0	0	0	0	0	0	0	0	0	0	0	0	0	0	0	0	0	0	0	0	0	0	0	0
05d24be1c0a77be918f9efbc76c77de5	0	0	0	0	0	0	0	0	0	0	0	0	0	0	0	0	0	0	0	0	0	0	0	0	0	0	0	0	0	0	4	0	0	0	0	0	0	0	0	0	0	0	0	0	0	0	0	0	0	0	0	0	0	0	0	0	0	0	0	0	0	0	0	0	0	0	0	0
34305477c049b7b27e16b7eb3174c176	0	0	0	0	0	0	0	0	0	0	0	0	0	0	2	0	0	0	0	0	0	0	0	0	0	0	0	0	0	0	3	4	0	0	0	0	0	0	0	0	0	0	0	0	0	0	0	0	0	0	0	0	0	0	0	0	0	0	0	0	0	0	0	0	0	0	0	0
d726fcfea24d2c503a7603139818af02	0	0	0	0	0	0	0	0	0	0	0	0	0	0	0	0	0	0	0	0	0	0	0	0	0	0	0	0	0	0	0	0	4	0	0	0	0	0	0	0	0	0	0	0	0	0	0	0	0	0	0	0	0	0	0	0	0	0	0	0	0	0	0	0	0	0	0	0
161532a96cb33687aefca519a646e8dd	0	0	0	0	0	0	0	0	0	0	0	0	0	0	0	0	0	0	0	0	0	0	0	0	0	0	0	0	0	0	0	0	0	4	0	0	0	0	0	4	0	0	0	0	0	0	0	0	0	0	0	0	0	0	0	0	0	0	0	0	0	0	0	0	0	0	0	0
c5bbb3e8cef47813276ed98dbce2abc2	0	0	0	0	0	0	0	0	0	0	0	0	0	0	0	0	0	0	0	0	0	0	0	0	0	0	0	0	0	0	0	0	0	4	0	0	0	0	0	0	0	0	0	0	0	0	0	0	0	0	0	0	0	0	0	0	0	0	0	0	0	0	0	0	0	0	0	0
13d35b9aa80101f1ad200456a71ff747	0	0	0	0	0	0	0	0	0	0	0	0	0	0	0	0	0	0	0	0	0	0	0	0	0	0	0	0	0	0	0	0	0	0	0	4	0	0	0	0	0	0	0	0	0	0	0	0	0	0	0	0	0	0	0	0	0	0	0	0	0	0	0	0	0	0	0	0
ad81f5953147614331df83cd21000f47	0	0	0	0	0	0	0	0	0	0	0	0	0	0	0	0	0	0	0	0	0	0	0	0	0	0	0	0	0	0	0	0	0	0	0	0	0	0	4	0	0	0	0	0	0	0	0	0	0	0	0	0	0	0	0	0	0	0	0	0	0	0	0	0	0	0	0	0
24e13512dd116f47378cf9543b59952f	0	0	0	0	0	0	0	0	0	0	0	0	0	0	0	0	0	0	0	0	0	0	0	0	0	0	0	0	0	0	0	0	0	0	0	0	0	0	0	0	0	4	0	0	0	0	0	0	0	0	0	0	0	0	0	0	0	0	0	0	0	0	0	0	0	0	0	0
d9e8334a0fee2102ff24366a9bd21cd2	0	0	0	0	0	0	0	0	0	0	0	0	0	0	0	0	0	0	0	0	0	0	0	0	0	0	0	0	0	0	0	0	0	0	0	0	0	0	0	0	0	4	4	0	0	0	0	0	0	0	0	0	0	0	0	0	0	0	0	0	0	0	0	0	0	0	0	0
60be9d80827b504644426bf294d5b657	0	0	0	0	0	0	0	0	0	0	0	0	0	0	0	0	0	0	0	0	0	0	0	0	0	0	0	0	0	0	0	0	0	0	0	0	0	0	0	0	0	0	0	0	4	0	0	0	0	0	0	0	0	0	0	0	0	0	0	0	0	0	0	0	0	0	0	0
ab26b089d338e5d0a8b00e3246c2945a	0	0	0	0	0	0	0	0	0	0	0	0	0	0	0	0	0	0	0	0	0	0	0	0	0	0	0	0	0	0	0	0	0	0	0	0	0	0	0	0	0	0	0	0	0	4	0	0	0	0	0	0	0	0	0	0	0	0	0	0	0	0	0	0	0	0	0	0
b272b8df703d13e2688999c08dd50cab	0	0	0	0	0	0	0	0	0	0	0	0	0	0	0	0	0	0	0	0	0	0	0	0	0	0	0	0	0	0	0	0	0	0	0	0	0	0	0	0	0	0	0	0	0	4	0	0	0	0	0	0	0	0	0	0	0	0	0	0	0	0	0	0	0	0	0	0
2d96b8b152837b43d6d0391bbcb52230	0	0	0	0	0	0	0	0	0	0	0	0	0	0	0	0	0	0	0	0	0	0	3	0	0	0	0	0	0	0	0	0	0	0	0	0	0	0	0	0	0	0	0	0	0	0	0	0	0	4	0	0	0	0	0	0	0	0	0	0	0	0	0	0	0	0	0	0
74088bb8212ca678f83dbaeaabf0abfe	0	0	0	0	0	0	0	0	0	0	0	0	0	0	0	0	0	0	0	0	0	0	0	0	0	0	0	0	0	3	0	0	0	0	0	0	0	0	0	0	0	0	0	0	0	0	0	0	0	4	0	0	0	0	0	0	0	0	0	0	0	0	0	0	0	0	0	0
6ec2c6270741bdb60683321dfaeca799	0	0	0	0	0	0	0	0	0	0	0	0	0	0	0	0	0	0	0	0	0	0	0	0	0	0	0	0	0	0	0	0	0	0	0	0	0	0	0	0	0	0	0	0	0	0	0	0	0	0	4	0	0	0	0	0	0	0	0	0	0	0	0	0	0	0	0	0
c12b8e677b373112eca4dd2a7d28e380	0	0	0	0	0	0	0	0	0	0	0	0	0	0	0	0	0	0	0	0	0	0	0	0	0	0	0	0	0	0	0	0	0	0	0	0	0	0	0	0	0	0	0	0	0	0	0	0	0	0	0	0	0	0	0	0	4	0	0	0	0	0	0	0	0	0	0	0
3993ebb5cf6d53bdc7c1a411cb34e9ba	0	0	0	0	0	0	0	0	0	0	0	0	0	0	0	0	0	0	0	0	0	0	0	0	0	0	0	0	0	0	0	0	0	0	0	0	0	0	0	0	0	0	0	0	0	0	0	0	0	0	0	0	0	0	0	0	0	0	0	4	0	0	0	0	0	0	0	0
cf13d2c160785c33566ff6b2c46b67fc	0	0	0	0	0	0	0	0	0	0	0	0	0	0	0	0	0	0	0	0	0	0	0	0	0	0	0	0	0	0	0	0	0	0	0	0	0	0	0	0	0	0	0	0	0	0	0	0	0	0	0	0	0	0	0	0	0	0	0	4	0	0	0	0	0	0	0	0
1b7aa1ff87cb99bd02c346de212c72b4	0	0	0	0	0	3	0	0	0	0	0	0	0	0	0	0	0	0	0	0	0	0	0	0	0	0	0	0	0	0	0	0	0	0	0	0	0	0	0	0	0	0	0	0	0	0	0	0	0	0	0	0	0	0	0	0	0	0	0	0	4	0	0	0	0	0	0	0
de3ccb241ca5fff21dae8d818ca4f55c	0	0	0	0	0	0	0	0	0	0	0	0	0	0	0	0	0	0	0	0	0	0	0	0	0	0	0	0	0	0	0	0	0	0	0	0	0	0	0	0	0	0	0	0	0	0	0	0	0	0	0	0	0	0	0	0	0	0	0	0	0	0	4	0	0	0	0	0
cb0d7649badd857251c8c708023bd916	0	0	0	0	0	0	0	0	0	0	0	0	0	0	0	0	0	0	0	0	0	0	0	0	0	0	0	0	0	0	0	0	0	0	0	0	0	0	0	0	0	0	0	0	0	0	0	0	0	0	0	0	0	0	0	0	0	0	0	0	0	0	4	0	0	0	0	0
a68a2817aabd3b089a7a584edd6e2427	0	0	0	3	0	0	0	0	0	0	0	0	0	0	0	0	0	0	0	0	0	0	0	0	0	0	0	0	0	0	0	0	0	0	0	0	0	0	0	0	0	0	0	0	0	0	0	0	0	0	0	0	0	0	0	0	0	0	0	0	0	0	0	4	0	0	0	0
8b2b208348d63605df7355c660f030cd	3	0	0	0	0	0	0	0	0	0	0	0	0	0	0	0	0	0	0	0	0	0	0	0	0	0	0	0	0	0	0	0	0	0	0	0	0	0	0	0	0	0	0	0	0	0	0	0	0	0	0	0	0	0	0	0	0	0	0	0	0	0	0	0	0	0	0	0
7e939fba52aeb6dc534b2deb2d4436de	0	0	0	0	3	0	0	0	0	0	0	0	0	0	3	0	0	0	0	0	0	0	0	0	0	0	0	0	0	0	0	0	0	0	0	0	0	0	0	0	0	0	0	0	0	0	0	0	0	0	0	0	0	0	0	0	0	0	0	0	0	0	0	0	0	0	0	0
3379b4a7e3c434100ca9a91bac6ec7a9	0	0	0	0	3	0	0	0	0	0	0	0	0	0	0	0	0	0	0	0	0	0	0	0	0	0	0	0	0	0	0	0	0	0	0	0	0	0	0	0	0	0	0	0	0	0	0	0	0	0	0	0	0	0	0	0	0	0	0	0	0	0	0	0	0	0	0	0
11944f411078f8979aa0cdbfa6ad20ee	0	0	0	0	0	3	0	0	0	0	0	0	0	0	0	0	0	0	0	0	0	0	0	0	0	0	0	0	0	0	0	0	0	0	0	0	0	0	0	0	0	0	0	0	0	0	0	0	0	0	0	0	0	0	0	0	0	0	0	0	0	0	0	0	0	0	0	0
74f0ae82e31136d6266786e34ad2acfd	0	0	0	0	0	3	0	0	3	0	0	0	0	0	0	0	0	0	0	0	0	0	0	0	0	0	0	0	0	0	0	0	0	0	0	0	0	0	0	0	0	0	0	0	0	0	0	0	0	0	0	0	0	0	0	0	0	0	0	0	0	0	0	0	0	0	0	0
5a618cb930140ec1f5e999054b9a5d6e	0	0	0	0	0	0	3	0	0	0	0	0	0	0	0	0	0	0	0	0	0	0	0	0	0	0	0	0	0	0	0	0	0	0	0	0	0	0	0	0	0	0	0	0	0	0	0	0	0	0	0	0	0	0	0	0	0	0	0	0	0	0	0	0	3	0	0	0
554bdb405b272f4a84b4429191da8974	0	0	0	0	0	0	3	0	0	0	0	0	0	0	0	0	0	0	0	0	0	0	0	0	0	0	0	0	0	0	0	0	0	0	0	0	0	0	0	0	0	0	0	0	0	0	0	0	0	0	0	0	0	0	0	0	0	0	0	0	0	0	0	0	0	0	0	0
ca71120d159d2fe383a4e66c23f79aee	0	0	0	0	0	0	0	0	3	0	0	0	0	0	0	0	0	0	0	0	0	0	0	0	0	0	0	0	0	0	0	0	0	0	0	0	0	0	0	0	0	0	0	0	0	0	0	0	0	0	0	0	0	0	0	0	0	0	0	0	0	0	0	0	0	0	0	0
5eefb666bdba6998af939888b831d38d	0	0	0	0	0	0	0	0	3	0	0	0	0	0	0	0	0	0	0	0	0	0	0	0	0	0	0	0	0	0	0	0	0	0	0	0	0	0	0	0	0	0	0	0	0	0	0	0	0	0	0	0	0	0	0	0	0	0	0	0	0	0	0	0	0	0	0	0
094bda636d1de7049c230c7efffcc0a1	0	0	0	0	0	0	0	0	3	0	0	0	0	0	0	0	0	0	0	0	0	0	0	0	0	0	0	0	0	0	0	0	0	0	0	0	0	0	0	0	0	0	0	0	0	0	0	0	0	0	0	0	0	0	0	0	0	0	0	0	0	0	0	0	0	0	0	0
7035c309b5ba203b997b2b2d044b051e	0	0	0	0	0	0	0	0	0	3	0	0	0	0	0	0	0	0	0	0	0	0	0	0	0	0	0	0	0	0	0	0	0	0	0	0	0	0	0	0	0	0	0	0	0	0	0	0	0	0	0	0	0	0	0	0	0	0	0	0	0	0	0	0	0	0	0	0
1e0b579b4ea1c5bfd5ac67590630f5cd	0	0	0	0	0	0	0	0	0	3	0	0	0	0	0	0	0	0	0	0	0	0	0	0	0	0	0	0	0	0	0	0	0	0	0	0	0	0	0	0	0	0	0	0	0	0	0	0	0	0	0	0	0	0	0	0	0	0	0	0	0	0	0	0	0	0	0	0
92b1569b6404e8a5f30ad1f087d10aeb	0	0	0	0	0	0	0	0	0	3	0	0	0	0	0	0	0	0	0	0	0	0	0	0	0	0	0	0	0	0	0	0	0	0	0	0	0	0	0	0	0	0	0	0	0	0	0	0	0	0	0	0	0	0	0	0	0	0	0	0	0	0	0	0	0	0	0	0
56ceb73fdef6e3c89a1592205b7eaeb0	0	0	0	0	0	0	0	0	0	3	0	0	0	0	0	0	0	0	0	0	0	0	0	0	0	0	0	0	0	0	0	0	0	0	0	0	0	0	0	0	0	0	0	0	0	0	0	0	0	0	0	0	0	0	0	0	0	0	0	0	0	0	0	0	0	0	0	0
b965804f02cad8ecbe8f722297318686	0	0	0	0	0	0	0	0	0	0	3	0	0	0	0	0	0	0	0	0	0	0	0	0	0	0	0	0	0	0	0	0	0	0	0	0	0	0	0	0	0	0	0	0	0	0	0	0	0	0	0	0	0	0	0	0	0	0	0	0	0	0	0	0	0	0	0	0
9d21430fb831c536c0a75442fe0149a9	0	0	0	0	0	0	0	0	0	0	0	3	0	0	0	0	0	0	0	0	0	0	0	0	0	0	0	0	0	0	0	0	0	0	0	0	0	0	0	0	0	0	0	0	0	0	0	0	0	0	0	0	0	0	0	0	0	0	0	0	0	0	0	0	0	0	0	0
d9a36ef8b2b957e7a85c0bd2dcbbe757	0	0	0	0	0	0	0	0	0	0	0	0	3	0	0	0	0	0	0	0	0	0	0	0	0	0	0	0	0	0	0	0	0	0	0	0	0	0	0	0	0	0	0	0	0	0	0	0	0	0	0	0	0	0	0	0	0	0	0	0	0	0	0	0	0	0	0	0
7687540ed5434ee95821a10d77a47b3e	0	0	0	0	0	0	0	0	0	0	0	0	3	0	0	0	0	0	0	0	0	0	0	0	0	0	0	0	0	0	0	0	0	0	0	0	0	0	0	0	0	0	0	0	0	0	0	0	0	0	0	0	0	0	0	0	0	0	0	0	0	0	0	0	0	0	0	0
0ceb640adb580a98d7638296f3211925	0	0	0	0	0	0	0	0	0	0	0	0	0	3	0	0	0	0	0	0	0	0	0	0	0	0	0	0	0	0	0	0	0	0	0	0	0	0	0	0	0	0	0	0	0	0	0	0	0	0	0	0	0	0	0	0	0	0	0	0	0	0	0	0	0	0	0	0
244f67bec9ccba0fd783e849014aecb1	0	0	0	0	0	0	0	0	0	0	0	0	0	0	3	0	0	0	0	0	0	0	0	0	0	0	0	0	0	0	0	0	0	0	0	0	0	0	0	0	0	0	0	0	0	0	0	0	0	0	0	0	0	0	0	0	0	0	0	0	0	0	0	0	0	0	0	0
73325c54db386bfcf6313f225b8c90c1	0	0	0	0	0	0	0	0	0	0	0	0	0	0	3	0	0	0	0	0	0	0	0	0	0	0	0	0	0	0	0	0	0	0	0	0	0	0	0	0	0	0	0	0	0	0	0	0	0	0	0	0	0	0	0	0	0	0	0	0	0	0	0	0	0	0	0	0
76bae80358a56709d1f656493502c366	0	0	0	0	0	0	0	0	0	0	0	0	0	0	0	3	0	0	0	0	0	0	0	0	0	0	0	0	0	0	0	0	0	0	0	0	0	0	0	0	0	0	0	0	0	0	0	0	0	0	0	0	0	0	0	0	0	0	0	0	0	0	0	0	0	0	0	0
a7e4e57b226486c6f79147ee6f432302	0	0	0	0	0	0	0	0	0	0	0	0	0	0	0	3	0	0	0	0	0	0	0	0	0	0	0	0	0	0	0	0	0	0	0	0	0	0	0	0	0	0	0	0	0	0	0	0	0	0	0	0	0	0	0	0	0	0	0	0	0	0	0	0	0	0	0	0
526515181ebe3836efead96c24099a63	0	0	0	0	0	0	0	0	0	0	0	0	0	0	0	3	0	0	0	0	0	0	0	0	0	0	0	0	0	0	0	0	0	0	0	0	0	0	0	0	0	0	0	0	0	0	0	0	0	0	0	0	0	0	0	0	0	0	0	0	0	0	0	0	0	0	0	0
2740cf2417c92847cc298cbd71dd1fcd	0	0	0	0	0	0	0	0	0	0	0	0	0	0	0	0	0	3	0	0	0	0	0	0	0	0	0	0	0	0	0	0	0	0	0	0	0	0	0	0	0	0	0	0	0	0	0	0	0	0	0	0	0	0	0	0	0	0	0	0	0	0	0	0	0	0	0	0
26b3b014f371816b04e2a9e90e7ad39c	0	0	0	0	0	0	0	0	0	0	0	0	0	0	0	0	0	3	0	0	0	0	0	0	0	0	0	0	0	0	0	0	0	0	0	0	0	0	0	0	0	0	0	0	0	0	0	0	0	0	0	0	0	0	0	0	0	0	0	0	0	0	0	0	0	0	0	0
765774b0e911cb67f38485b7c109200a	0	0	0	0	0	0	0	0	0	0	0	0	0	0	0	0	0	0	3	0	0	0	0	0	0	0	0	0	0	0	0	0	0	0	0	0	0	0	0	0	0	0	0	0	0	0	0	0	0	0	0	0	0	0	0	0	0	0	0	0	0	0	0	0	0	0	0	0
3b9e5ae979a4b33191278c735a972942	0	0	0	0	0	0	0	0	0	0	0	0	0	0	0	0	0	0	0	3	0	0	0	0	0	0	0	0	0	0	0	0	0	0	0	0	0	0	0	0	0	0	0	0	0	0	0	0	0	0	0	0	0	0	0	0	0	0	0	0	0	0	0	0	0	0	0	0
151dc3710be852488064098205bb884f	0	0	0	0	0	0	0	0	0	0	0	0	0	0	0	0	0	0	0	3	0	0	0	0	0	0	0	0	0	0	0	0	0	0	0	0	0	0	0	0	0	0	0	0	0	0	0	0	0	0	0	0	0	0	0	0	0	0	0	0	0	0	0	0	0	0	0	0
5d97791d31022da4032fd08b396b0528	0	0	0	0	0	0	0	0	0	0	0	0	0	0	0	0	0	0	0	3	0	0	0	0	0	0	0	0	0	0	3	0	0	0	0	0	0	0	0	0	0	0	0	0	0	0	0	0	0	0	0	0	0	0	0	0	0	0	0	0	0	0	0	0	0	0	0	0
6cede4cbb97a4bbb9c9cd12ddc305379	0	0	0	0	0	0	0	0	0	0	0	0	0	0	0	0	0	0	0	0	3	0	0	0	0	0	0	0	0	0	0	0	0	0	0	0	0	0	0	0	0	0	0	0	0	0	0	0	0	0	0	0	0	0	0	0	0	0	0	0	0	0	0	0	0	0	0	0
d59d98043358b33f5516f97f9ff81d6b	0	0	0	0	0	0	0	0	0	0	0	0	0	0	0	0	0	0	0	0	3	0	0	0	0	0	0	0	0	0	0	0	0	0	0	0	0	0	0	0	0	0	0	0	0	0	0	0	0	0	0	0	0	0	0	0	0	0	0	0	0	0	0	0	0	0	0	0
9578a0d86ee244e6a7ae6fccb0e3be11	0	0	0	0	0	0	0	0	0	0	0	0	0	0	0	0	0	0	0	0	0	0	3	0	0	0	0	0	0	0	0	0	0	0	0	0	0	0	0	0	0	0	0	0	0	0	0	0	0	0	0	0	0	0	0	0	0	0	0	0	0	0	0	0	0	0	0	0
75067bdc42a0e1dbeb085b164e3e5514	0	0	0	0	0	0	0	0	0	0	0	0	0	0	0	0	0	0	0	0	0	0	3	0	0	0	0	0	0	0	0	0	0	0	0	0	0	0	0	0	0	0	0	0	0	0	0	0	0	0	0	0	0	0	0	0	0	0	0	0	0	0	0	0	0	0	0	0
9a419387ec74eaec92ed7ce5dd675bf2	0	0	0	0	0	0	0	0	0	0	0	0	0	0	0	0	0	0	0	0	0	0	3	0	0	0	0	0	0	0	0	0	0	0	0	0	0	0	0	0	0	0	0	0	0	0	0	0	0	0	0	0	0	0	0	0	0	0	0	0	0	0	0	0	0	0	0	0
91ab9c305aaa75e6f9f2c19565e5a87e	0	0	0	0	0	0	0	0	0	0	0	0	0	0	0	0	0	0	0	0	0	0	0	0	3	0	0	0	0	0	0	0	0	0	0	0	0	0	0	0	0	0	0	0	0	0	0	0	0	0	0	0	0	0	0	0	0	0	0	0	0	0	0	0	0	0	0	0
9c2058be402ec31b0ebaae17bcd5b502	0	0	0	0	0	0	0	0	0	0	0	0	0	0	0	0	0	0	0	0	0	0	0	0	3	0	0	0	0	0	0	0	0	0	0	0	0	0	0	0	0	0	0	0	0	0	0	0	0	0	0	0	0	0	0	0	0	0	0	0	0	0	0	0	0	0	0	0
60843614561e08336f7254e11e67cbf5	0	0	0	0	0	0	0	0	0	0	0	0	0	0	0	0	0	0	0	0	0	0	0	0	0	0	0	3	0	0	0	0	0	0	0	0	0	0	0	0	0	0	0	0	0	0	0	0	0	0	0	0	0	0	0	0	0	0	0	0	0	0	0	0	0	0	0	0
24530d9aacd7f7ab5ae8dd45dece762b	0	0	0	0	0	0	0	0	0	0	0	0	0	0	0	0	0	0	0	0	0	0	0	0	0	0	0	0	0	3	0	0	0	0	0	0	0	0	0	0	0	0	0	0	0	0	0	0	0	0	0	0	0	0	0	0	0	0	0	0	0	0	0	0	0	0	0	0
65aff24c35e64f43a79c6cfca4a4338c	0	0	0	0	0	0	0	0	0	0	0	0	0	0	0	0	0	0	0	0	0	0	0	0	0	0	0	0	0	3	0	0	0	0	0	0	0	0	0	0	0	0	0	0	0	0	0	0	0	0	0	0	0	0	0	0	0	0	0	0	0	0	0	0	0	0	0	0
bda6a74880e067f4b528ceedc7b4c10e	0	0	0	0	0	0	0	0	0	0	0	0	0	0	0	0	0	0	0	0	0	0	0	0	0	0	0	0	0	3	0	0	0	0	0	0	0	0	0	0	0	0	0	0	0	0	0	0	0	0	0	0	0	0	0	0	0	0	0	0	0	0	0	0	0	0	0	0
56193f4b85a8dd8c3313e808c2edee15	0	0	0	0	0	0	0	0	0	0	0	0	0	0	0	0	0	0	0	0	0	0	0	0	0	0	0	0	0	0	3	0	0	0	0	0	0	0	0	0	0	0	0	0	0	0	0	0	0	0	0	0	0	0	0	0	0	0	0	0	0	0	0	0	0	0	0	0
7db8a5544dc41a33a5452bf21a354561	0	0	0	0	0	0	0	0	0	0	0	0	0	0	0	0	0	0	0	0	0	0	0	0	0	0	0	0	0	0	3	0	0	0	0	0	0	0	0	0	0	0	0	0	0	0	0	0	0	0	0	0	0	0	0	0	0	0	0	0	0	0	0	0	0	0	0	0
e9665f71df6b836c1b8a6c5b19d07125	0	0	0	0	0	0	0	0	0	0	0	0	0	0	0	0	0	0	0	0	0	0	0	0	0	0	0	0	0	0	0	3	0	0	0	0	0	0	0	0	0	0	0	0	0	0	0	0	0	0	0	0	0	0	0	0	0	0	0	0	0	0	0	0	0	0	0	0
ea8d18a4901ad9d36ae27a1053a7c4d8	0	0	0	0	0	0	0	0	0	0	0	0	0	0	0	0	0	0	0	0	0	0	0	0	0	0	0	0	0	0	0	0	3	0	0	0	0	0	0	0	0	0	0	0	0	0	0	0	0	0	0	0	0	0	0	0	0	0	0	0	0	0	0	0	0	0	0	0
7d7e2f35576ad2c5984bca72f14df019	0	0	0	0	0	0	0	0	0	0	0	0	0	0	0	0	0	0	0	0	0	0	0	0	0	0	0	0	0	0	0	0	0	0	3	0	0	0	0	0	0	0	0	0	0	0	0	0	0	0	0	0	0	0	0	0	0	0	0	0	0	0	0	0	0	0	0	0
c16f1b85db2be4d8299be28f8b3f3e7f	0	0	0	0	0	0	0	0	0	0	0	0	0	0	0	0	0	0	0	0	0	0	0	0	0	0	0	0	0	0	0	0	0	0	3	0	0	0	0	0	0	0	0	0	0	0	0	0	0	0	0	0	0	0	0	0	0	0	0	0	0	0	0	0	0	0	0	0
8061e41c85b50be8cc06a0588a16bc3e	0	0	0	0	0	0	0	0	0	0	0	0	0	0	0	0	0	0	0	0	0	0	0	0	0	0	0	0	0	0	0	0	0	0	0	3	0	0	0	0	0	0	0	0	0	0	0	0	0	0	0	0	0	0	0	0	0	0	0	0	0	0	0	0	0	0	0	0
341e2888c4f2a2b080d2cb35f11003aa	0	0	0	0	0	0	0	0	0	0	0	0	0	0	0	0	0	0	0	0	0	0	0	0	0	0	0	0	0	0	0	0	0	0	0	3	0	0	0	0	0	0	0	0	0	0	0	0	0	0	0	0	0	0	0	0	0	0	0	0	0	0	0	0	0	0	0	0
4582a297e37e2bda87e91b466f0a1271	0	0	0	0	0	0	0	0	0	0	0	0	0	0	0	0	0	0	0	0	0	0	0	0	0	0	0	0	0	0	0	0	0	0	0	0	3	0	0	0	0	0	0	0	0	0	0	0	0	0	0	0	0	0	0	0	0	0	0	0	0	0	0	0	0	0	0	0
2ff1418b39e60d7a32fd1c592c48d5b1	0	0	0	0	0	0	0	0	0	0	0	0	0	0	0	0	0	0	0	0	0	0	0	0	0	0	0	0	0	0	0	0	0	0	0	0	3	0	0	0	0	0	0	0	3	0	0	0	0	0	0	0	0	0	0	0	0	0	0	0	0	0	0	0	0	0	0	0
16c36085571e340321891c032e2b8016	0	0	0	0	0	0	0	0	0	0	0	0	0	0	0	0	0	0	0	0	0	0	0	0	0	0	0	0	0	0	0	0	0	0	0	0	3	0	0	0	0	0	0	0	0	0	0	0	0	0	0	0	0	0	0	0	0	0	0	0	0	0	0	0	0	0	0	0
3d4e473a1c9f2b337582e3ea37b91d29	0	0	0	0	0	0	0	0	0	0	0	0	0	0	0	0	0	0	0	0	0	0	0	0	0	0	0	0	0	0	0	0	0	0	0	0	0	0	3	0	0	0	0	0	0	0	0	0	0	0	0	0	0	0	0	0	0	0	0	0	0	0	0	0	0	0	0	0
71b1ef20c98659c03a7ee50ac11c0ce6	0	0	0	0	0	0	0	0	0	0	0	0	0	0	0	0	0	0	0	0	0	0	0	0	0	0	0	0	0	0	0	0	0	0	0	0	0	0	0	0	3	0	0	0	0	2	0	0	0	0	0	0	0	0	0	0	0	0	0	0	0	0	0	0	0	0	0	0
874576d97c5b580e0f2f982a1b3a6e26	0	0	0	0	0	0	0	0	0	0	0	0	0	0	0	0	0	0	0	0	0	0	0	0	0	0	0	0	0	0	0	0	0	0	0	0	0	0	0	0	0	3	0	0	0	0	0	0	0	0	0	0	0	0	0	0	0	0	0	0	0	0	0	0	0	0	0	0
c982d70fe25551356f4fca3261de4049	0	0	0	0	0	0	0	0	0	0	0	0	0	0	0	0	0	0	0	0	0	0	0	0	0	0	0	0	0	0	0	0	0	0	0	0	0	0	0	0	0	0	3	0	0	0	0	0	0	0	0	0	0	0	0	0	0	0	0	0	0	0	0	0	0	0	0	0
e8877e4a00116e59f2bcc6cf4f6e012d	0	0	0	0	0	0	0	0	0	0	0	0	0	0	0	0	0	0	0	0	0	0	0	0	0	0	0	0	0	0	0	0	0	0	0	0	0	0	0	0	0	0	0	3	0	0	0	0	0	0	0	0	0	0	0	0	0	0	0	0	0	0	0	0	0	0	0	0
ee3f6db7e08bd1b1b6f407bbe66da302	0	0	0	0	0	0	0	0	0	0	0	0	0	0	0	0	0	0	0	0	0	0	0	0	0	0	0	0	0	0	0	0	0	0	0	0	0	0	0	0	0	0	0	3	0	0	0	0	0	0	0	0	0	0	0	0	0	0	0	0	0	0	0	0	0	0	0	0
67b6823f286cae4da13011b6cf1dd2d1	0	0	0	0	0	0	0	0	0	0	0	0	0	0	0	0	0	0	0	0	0	0	0	0	0	0	0	0	0	0	0	0	0	0	0	0	0	0	0	0	0	0	0	0	0	3	0	0	0	0	0	0	0	0	0	0	0	0	0	0	0	0	0	0	0	0	0	0
22900aa6f3c4704c3c4b8abc25da8a39	0	0	0	0	0	0	0	0	0	0	0	0	0	0	0	0	0	0	0	0	0	0	0	0	0	0	0	0	0	0	0	0	0	0	0	0	0	0	0	0	0	0	0	0	0	0	3	0	0	0	0	0	0	0	0	0	0	0	0	0	0	0	0	0	0	0	0	0
ca9043e8a85650cea20c11f04aa4a043	0	0	0	0	0	0	0	0	0	0	0	0	0	0	0	0	0	0	0	0	0	0	0	0	0	0	0	0	0	0	0	0	0	0	0	0	0	0	0	0	0	0	0	0	0	0	0	0	3	0	0	0	0	0	0	0	0	0	0	0	0	0	0	0	0	0	0	0
fda3bcde61b96e61e4acced704d819bd	0	0	0	0	0	0	0	0	0	0	0	0	0	0	0	0	0	0	0	0	0	0	0	0	0	0	0	0	0	0	0	0	0	0	0	0	0	0	0	0	0	0	0	0	0	0	0	0	0	0	3	0	0	0	0	0	0	0	2	0	0	0	0	0	0	0	0	0
a62a48ac949c78f154954f92eb04530e	0	0	0	0	0	0	0	0	0	0	0	0	0	0	0	0	0	0	0	0	0	0	0	0	0	0	0	0	0	0	0	0	0	0	0	0	0	0	0	0	0	0	0	0	0	0	0	0	0	0	0	0	3	0	0	0	0	0	0	0	0	0	0	0	0	0	0	0
2050da20aead649435d3ca1784d8bfef	0	0	0	0	0	0	0	0	0	0	0	0	0	0	0	0	0	0	0	0	0	0	0	0	0	0	0	0	0	0	0	0	0	0	0	0	0	0	0	0	0	0	0	0	0	0	0	0	0	0	0	0	0	3	0	0	0	0	0	0	0	0	0	0	0	0	0	0
85af798b569d47dd412b808fdcdd1314	0	0	0	0	0	0	0	0	0	0	0	0	0	0	0	0	0	0	0	0	0	0	0	0	0	0	0	0	0	0	0	0	0	0	0	0	0	0	0	0	0	0	0	0	0	0	0	0	0	0	0	0	0	0	3	0	0	0	0	0	0	0	0	0	0	0	0	0
0c864422f08a9b6ee1c09c5613ccfd8c	0	0	0	0	0	0	0	0	0	0	0	0	0	0	0	0	0	0	0	0	0	0	0	0	0	0	0	0	0	0	0	0	0	0	0	0	0	0	0	0	0	0	0	0	0	0	0	0	0	0	0	0	0	0	3	0	0	0	0	0	0	0	0	0	0	0	0	0
e5ac7c16c96be56ad5ae33c18d9c82fa	0	0	0	0	0	0	0	0	0	0	0	0	0	0	0	0	0	0	0	0	0	0	0	0	0	0	0	0	0	0	0	0	0	0	0	0	0	0	0	0	0	0	0	0	0	0	0	0	0	0	0	0	0	0	0	3	0	0	0	0	0	0	0	0	0	0	0	0
bb16330f15ab83cb0418ba209d69857e	0	0	0	0	0	0	0	0	0	0	0	0	0	0	0	0	0	0	0	0	0	0	0	0	0	0	0	0	0	0	0	0	0	0	0	0	0	0	0	0	0	0	0	0	0	0	0	0	0	0	0	0	0	0	0	3	0	0	0	0	0	0	0	0	0	0	0	0
b2986c42f414ffa10f4c69a5c8838a04	0	0	0	0	0	0	0	0	0	0	0	0	0	0	0	0	0	0	0	0	0	0	0	0	0	0	0	0	0	0	0	0	0	0	0	0	0	0	0	0	0	0	0	0	0	0	0	0	0	0	0	0	0	0	0	0	3	0	0	0	0	0	0	0	0	0	0	0
3df4306d3461d547025469708b96ae9d	0	0	0	0	0	0	0	0	0	0	0	0	0	0	0	0	0	0	0	0	0	0	0	0	0	0	0	0	0	0	0	0	0	0	0	0	0	0	0	0	0	0	0	0	0	0	0	0	0	0	0	0	0	0	0	0	0	3	0	0	0	0	2	0	0	0	0	0
dd5f9560e3cf57ba5de5548263986599	0	0	0	0	0	0	0	0	0	0	0	0	0	0	0	0	0	0	0	0	0	0	0	0	0	0	0	0	0	0	0	0	0	0	0	0	0	0	0	0	0	0	0	0	0	0	0	0	0	0	0	0	0	0	0	0	0	3	0	0	0	0	0	0	0	0	0	0
b0a6b69ae40849e7bb5a609134ce6168	0	0	0	0	0	0	0	0	0	0	0	0	0	0	0	0	0	0	0	0	0	0	0	0	0	0	0	0	0	0	0	0	0	0	0	0	0	0	0	0	0	0	0	0	0	0	0	0	0	0	0	0	0	0	0	0	0	0	3	0	0	0	0	0	0	0	0	0
6711e1ba6989269d310ff68fd922d680	0	0	0	0	0	0	0	0	0	0	0	0	0	0	0	0	0	0	0	0	0	0	0	0	0	0	0	0	0	0	0	0	0	0	0	0	0	0	0	0	0	0	0	0	0	0	0	0	0	0	0	0	0	0	0	0	0	0	3	0	0	0	0	0	0	0	0	0
484de780b31c31b7b6bfbc9972ce8ca2	0	0	0	0	0	0	0	0	0	0	0	0	0	0	0	0	0	0	0	0	0	0	0	0	0	0	0	0	0	0	0	0	0	0	0	0	0	0	0	0	0	0	0	0	0	0	0	0	0	0	0	0	0	0	0	0	0	0	0	3	0	0	0	0	0	0	0	0
5f6a2ae98afee714536091edc05faf07	0	0	0	0	0	0	0	0	0	0	0	0	0	0	0	0	0	0	0	0	0	0	0	0	0	0	0	0	0	0	0	0	0	0	0	0	0	0	0	0	0	0	0	0	0	0	0	0	0	0	0	0	0	0	0	0	0	0	0	3	0	0	0	0	0	0	0	0
b8c98688e7d1ece89894a7d49fd24549	0	0	0	0	0	0	0	0	0	0	0	0	0	0	0	0	0	0	0	0	0	0	0	0	0	0	0	0	0	0	0	0	0	0	0	0	0	0	0	0	0	0	0	0	0	0	0	0	0	0	0	0	0	0	0	0	0	0	0	0	3	0	0	0	0	0	0	0
a75bc1b49337301346586cede2604178	0	0	0	0	0	0	0	0	0	0	0	0	0	0	0	0	0	0	0	0	0	0	0	0	0	0	0	0	0	0	0	0	0	0	0	0	0	0	0	0	0	0	0	0	0	0	0	0	0	0	0	0	0	0	0	0	0	0	0	0	3	0	0	0	0	0	0	0
45b74dc8a71dee64b46ee53fada74cd0	0	0	0	0	0	0	0	0	0	0	0	0	0	0	0	0	0	0	0	0	0	0	0	0	0	0	0	0	0	0	0	0	0	0	0	0	0	0	0	0	0	0	0	0	0	0	0	0	0	0	0	0	0	0	0	0	0	0	0	0	0	3	0	0	0	0	0	0
3cce8b3e2bdae562f62e5e1328d2fed8	0	0	0	0	0	0	0	0	0	0	0	0	0	0	0	0	0	0	0	0	0	0	0	0	0	0	0	0	0	0	0	0	0	0	0	0	0	0	0	0	0	0	0	0	0	0	0	0	0	0	0	0	0	0	0	0	0	0	0	0	0	0	0	3	0	0	0	0
ba471bb18f8b8f5b35d310f05f8fd6be	0	0	0	0	0	0	0	0	0	0	0	0	0	0	0	0	0	0	0	0	0	0	0	0	0	0	0	0	0	0	0	0	0	0	0	0	0	0	0	0	0	0	0	0	0	0	0	0	0	0	0	0	0	0	0	0	0	0	0	0	0	0	0	0	0	3	0	0
2f3d17c5e59d5e0d1519f43abf53530c	0	0	0	0	0	0	0	0	0	0	0	0	0	0	0	0	0	0	0	0	0	0	0	0	0	0	0	0	0	0	0	0	0	0	0	0	0	0	0	0	0	0	0	0	0	0	0	0	0	0	0	0	0	0	0	0	0	0	0	0	0	0	0	0	0	0	0	3
b2af66539667c1b88bfc7be602e94ec5	0	0	0	0	0	0	0	0	0	0	0	0	0	0	0	0	0	0	0	0	0	0	0	0	0	0	0	0	0	0	0	0	0	0	0	0	0	0	0	0	0	0	0	0	0	0	0	0	0	0	0	0	0	0	0	0	0	0	0	0	0	0	0	0	0	0	0	3
d76ad9b48f83dab33af204489890bec5	2	0	0	0	0	0	0	0	0	0	0	0	0	0	0	0	0	0	0	0	0	0	0	0	0	0	0	0	0	0	0	0	0	0	0	0	0	0	0	0	0	0	0	0	0	0	0	0	0	0	0	0	0	0	0	0	0	0	0	0	0	0	0	0	0	0	0	0
ca981056d06f83b24b16503115103531	2	0	0	0	0	0	0	0	0	0	0	0	0	0	0	0	0	0	0	0	0	0	0	0	0	0	0	0	0	0	0	0	0	0	0	0	0	0	0	0	0	0	0	0	0	0	0	0	0	0	0	0	0	0	0	0	0	0	0	0	0	0	0	0	0	0	0	0
0f4b35025e5357028db88babffe9bff8	0	2	0	0	0	0	0	0	0	0	0	0	0	0	0	0	0	0	0	0	0	0	0	0	0	0	0	0	0	0	0	0	0	0	0	0	0	0	0	0	0	0	0	0	0	0	0	0	0	0	0	0	0	0	0	0	0	0	0	0	0	0	0	0	0	0	0	0
d53881bee6d0ec4ecfb4192925ef6fe2	0	2	0	0	0	0	0	0	0	0	0	0	0	0	0	0	0	0	0	0	0	0	0	0	0	0	0	0	0	0	0	0	0	0	0	0	0	0	0	0	0	0	0	0	0	0	0	0	0	0	0	0	0	0	0	0	0	0	0	0	0	0	0	0	0	0	0	0
0d56927839d73d00f7d3ee8d19ed1b44	0	2	0	0	0	0	0	0	0	0	0	0	0	0	0	0	0	0	0	0	0	0	0	0	0	0	0	0	0	0	0	0	0	0	0	0	0	0	0	0	0	0	0	0	0	0	0	0	0	0	0	0	0	0	0	0	0	0	0	0	0	0	0	0	0	0	0	0
6965ed81237a9bdea43f5623563bd66d	0	0	0	0	2	0	0	0	0	0	0	0	0	0	0	0	0	0	0	0	0	0	0	0	0	0	0	0	0	0	0	0	0	0	0	0	0	0	0	0	0	0	0	0	0	0	0	0	0	0	0	0	0	0	0	0	0	0	0	0	0	0	0	0	0	0	0	0
d3fd462a5e70d8d14c7f9e929bd7666c	0	0	0	0	0	2	0	0	0	0	0	0	0	0	0	0	0	0	0	0	0	0	0	0	0	0	0	0	0	0	0	0	0	0	0	0	0	0	0	0	0	0	0	0	0	0	0	0	0	0	0	0	0	0	0	0	0	0	0	0	0	0	0	0	0	0	0	0
0e05ab4d628671f00b02f8c158eb0a9e	0	0	0	0	0	2	0	0	0	0	0	0	0	0	0	0	0	0	0	0	0	0	0	0	0	0	0	0	0	0	0	0	0	0	0	0	0	0	0	0	0	0	0	0	0	0	0	0	0	0	0	0	0	0	0	0	0	0	0	0	0	0	0	0	0	0	0	0
c600dfea30f32a141d61e788dd605334	0	0	0	0	0	2	0	0	0	0	0	0	0	0	0	0	0	0	0	0	0	0	0	0	0	0	0	0	0	0	0	0	0	0	0	0	0	0	0	0	0	0	0	0	0	0	0	0	0	0	0	0	0	0	0	0	0	0	0	0	0	0	0	0	0	0	0	0
a77b4e6af3017111cdae677604514409	0	0	0	0	0	0	2	0	0	0	0	0	0	0	0	0	0	0	0	0	0	0	0	0	0	0	0	0	0	0	0	0	0	0	0	0	0	0	0	0	0	0	0	0	0	0	0	0	0	0	0	0	0	0	0	0	0	0	0	0	0	0	0	0	0	0	0	0
27ee41929d891246168918fd91392d71	0	0	0	0	0	0	2	0	0	0	0	0	2	0	0	0	0	0	0	0	0	0	0	0	0	0	0	0	0	0	0	0	0	0	0	0	0	0	0	0	0	0	0	0	0	0	0	0	0	0	0	0	0	0	0	0	0	0	0	0	0	0	0	0	0	0	0	0
be11953152dac4d749ea4fc14eff7b01	0	0	0	0	0	0	2	0	0	0	0	0	0	0	0	0	0	0	0	0	0	0	0	0	0	0	0	0	0	0	0	0	0	0	0	0	0	0	0	0	0	0	0	0	0	0	0	0	0	0	0	0	0	0	0	0	0	0	0	0	0	0	0	0	0	0	0	0
0512ae2820996718fd05d2d5eef94dbf	0	0	0	0	0	0	0	2	0	0	0	0	0	0	0	0	0	0	0	0	0	0	0	0	0	0	0	0	0	0	0	0	0	0	0	0	0	0	0	0	0	0	0	0	0	0	0	0	0	0	0	0	0	0	0	0	0	0	0	0	0	0	0	0	0	0	0	0
b7f1a3a24ee65178e54b83241589b07c	0	0	0	0	0	0	0	2	0	0	0	0	0	0	0	0	0	0	0	0	0	0	0	0	0	0	0	0	0	0	0	0	0	0	0	0	0	0	0	0	0	0	0	0	0	0	0	0	0	0	0	0	0	0	0	0	0	0	0	0	0	0	0	0	0	0	0	0
dc278e4c0823c3682502114a582b2615	0	0	0	0	0	0	0	2	0	0	0	0	0	0	0	0	0	0	0	0	0	0	0	0	0	0	0	0	0	0	0	0	0	0	0	0	0	0	0	0	0	0	0	0	0	0	0	0	0	0	0	0	0	0	0	0	0	0	0	0	0	0	0	0	0	0	0	0
62d422e2f9b3fade33facd3388ddc006	0	0	0	0	0	0	0	0	2	0	0	0	0	0	0	0	0	0	0	0	0	0	0	0	0	0	0	0	0	0	0	0	0	0	0	0	0	0	0	0	0	0	0	0	0	0	0	0	0	0	0	0	0	0	0	0	0	0	0	0	0	0	0	0	0	0	0	0
5b4085061537fcba627f8422686d7055	0	0	0	0	0	0	0	0	0	2	0	0	0	0	0	0	0	0	0	0	0	0	0	0	0	0	0	0	0	0	0	0	0	0	0	0	0	0	0	0	0	0	0	0	0	0	0	0	0	0	0	0	0	0	0	0	0	0	0	0	0	0	0	0	0	0	0	0
f1fb33c09f610034b66118e6ddf64750	0	0	0	0	0	0	0	0	0	2	0	0	0	0	0	0	0	0	0	0	0	0	0	0	0	0	0	0	0	0	0	0	0	0	0	0	0	0	0	0	0	0	0	0	0	0	0	0	0	0	0	0	0	0	0	0	0	0	0	0	0	0	0	0	0	0	0	0
01164256adb16f6e7bba657c43ef5ad0	0	0	0	0	0	0	0	0	0	2	0	0	0	0	0	0	0	0	0	0	0	0	0	0	0	0	0	0	0	0	0	0	0	0	0	0	0	0	0	0	0	0	0	0	0	0	0	0	0	0	0	0	0	0	0	0	0	0	0	0	0	0	0	0	0	0	0	0
17d50c1497f794fde09aa06602f26f63	0	0	0	0	0	0	0	0	0	0	2	0	0	0	0	0	0	0	0	0	0	0	0	0	0	0	0	0	0	0	0	0	0	0	0	0	0	0	0	0	0	0	0	0	0	0	0	0	0	0	0	0	0	0	0	0	0	0	0	0	0	0	0	0	0	0	0	0
51a950ff49434c522296ac0f0552f7da	0	0	0	0	0	0	0	0	0	0	2	0	0	0	0	0	0	0	0	0	0	0	0	0	0	0	0	0	0	0	0	0	0	0	0	0	0	0	0	0	0	0	0	0	0	0	0	0	0	0	0	0	0	0	0	0	0	0	0	0	0	0	0	0	0	0	0	0
b5603742aa0f0000f7a31f42aed20f3a	0	0	0	0	0	0	0	0	0	0	0	0	2	0	0	0	0	0	0	0	0	0	0	0	0	0	0	0	0	0	0	0	0	0	0	0	0	0	0	0	0	0	0	0	0	0	0	0	0	0	0	0	0	0	0	0	0	0	0	0	0	0	0	0	0	0	0	0
77e350e4917b846309e785e6761f1b9e	0	0	0	0	0	0	0	0	0	0	0	0	0	0	2	0	0	0	0	0	0	0	0	0	0	0	0	0	0	0	0	0	0	0	0	0	0	0	0	0	0	0	0	0	0	0	0	0	0	0	0	0	0	0	0	0	0	0	0	0	0	0	0	0	0	0	0	0
581991ecaaef0c4f6e87cb81d02823da	0	0	0	0	0	0	0	0	0	0	0	0	0	0	0	2	0	0	0	0	0	0	0	0	0	0	0	0	0	0	0	0	0	0	0	0	0	0	0	0	0	0	0	0	0	0	0	0	0	0	0	0	0	0	0	0	0	0	0	0	0	0	0	0	0	0	0	0
6807db99b7b8fbe994c3b2909f3082a3	0	0	0	0	0	0	0	0	0	0	0	0	0	0	0	0	2	0	0	0	0	0	0	0	0	0	0	0	0	0	0	0	0	0	0	0	0	0	0	0	0	0	0	0	0	0	0	0	0	0	0	0	0	0	0	0	0	0	0	0	0	0	0	0	0	0	0	0
8436e33ecf3d7483476acce37690f092	0	0	0	0	0	0	0	0	0	0	0	0	0	0	0	0	0	2	0	0	0	0	0	0	0	0	0	0	0	0	0	0	0	0	0	0	0	0	0	0	0	0	0	0	0	0	0	0	0	0	0	0	0	0	0	0	0	0	0	0	0	0	0	0	0	0	0	0
5f8d35126b0a7321413d21487ec72b73	0	0	0	0	0	0	0	0	0	0	0	0	0	0	0	0	0	0	0	2	0	0	0	0	0	0	0	0	0	0	0	0	0	0	0	0	0	0	0	0	0	0	0	0	0	0	0	0	0	0	0	0	0	0	0	0	0	0	0	0	0	0	0	0	0	0	0	0
c91c183082e8677b1d96fd7e797e5006	0	0	0	0	0	0	0	0	0	0	0	0	0	0	0	0	0	0	0	2	0	0	0	0	0	0	0	0	0	0	0	0	0	0	0	0	0	0	0	0	0	0	0	0	0	0	0	0	0	0	0	0	0	0	0	0	0	0	0	0	0	0	0	0	0	0	0	0
911f3871ede4d738d1b0892772e10595	0	0	0	0	0	0	0	0	0	0	0	0	0	0	0	0	0	0	0	0	0	2	0	0	0	0	0	0	0	0	0	0	0	0	0	0	0	0	0	0	0	0	0	0	0	0	0	0	0	0	0	0	0	0	0	0	0	0	0	0	0	0	0	0	0	0	0	0
0bfa1ce4eb649be6a4dbced6777dd1e7	0	0	0	0	0	0	0	0	0	0	0	0	0	0	0	0	0	0	0	0	0	2	0	0	0	0	0	0	0	0	0	0	0	0	0	0	0	0	0	0	0	0	0	0	0	0	0	0	0	0	0	0	0	0	0	0	0	0	0	0	0	0	0	0	0	0	0	0
dd0b9b21c861c8d71646520ef1998bdb	0	0	0	0	0	0	0	0	0	0	0	0	0	0	0	0	0	0	0	0	0	0	0	0	0	0	0	2	0	0	0	0	0	0	0	0	0	0	0	0	0	0	0	0	0	0	0	0	0	0	0	0	0	0	0	0	0	0	0	0	0	0	0	0	0	0	0	0
c9d95c848328623c18eda3d0e8386f61	0	0	0	0	0	0	0	0	0	0	0	0	0	0	0	0	0	0	0	0	0	0	0	0	0	0	0	0	0	2	0	0	0	0	0	0	0	0	0	0	0	0	0	0	0	0	0	0	0	0	0	0	0	0	0	0	0	0	0	0	0	0	0	0	0	0	0	0
50fd1c9614c2cdbad76a0cee521fb46b	0	0	0	0	0	0	0	0	0	0	0	0	0	0	0	0	0	0	0	0	0	0	0	0	0	0	0	0	0	2	0	0	0	0	0	0	0	0	0	0	0	0	0	0	0	0	0	0	0	0	0	0	0	0	0	0	0	0	0	0	0	0	0	0	0	0	0	0
e53fb09031783653b9a10dad9f5e93a8	0	0	0	0	0	0	0	0	0	0	0	0	0	0	0	0	0	0	0	0	0	0	0	0	0	0	0	0	0	2	0	0	0	0	0	0	0	0	0	0	0	0	0	0	0	0	0	0	0	0	0	0	0	0	0	0	0	0	0	0	0	0	0	0	0	0	0	0
8cc9931b78af8dacc0283c64edef00e4	0	0	0	0	0	0	0	0	0	0	0	0	0	0	0	0	0	0	0	0	0	0	0	0	0	0	0	0	0	2	0	0	0	0	0	0	0	0	0	0	0	0	0	0	0	0	0	0	0	0	0	0	0	0	0	0	0	0	0	0	0	0	0	0	0	0	0	0
3837721033f0821f189917aac20752c4	0	0	0	0	0	0	0	0	0	0	0	0	0	0	0	0	0	0	0	0	0	0	0	0	0	0	0	0	0	2	0	0	0	0	0	0	0	0	0	0	0	0	0	0	0	0	0	0	0	0	0	0	0	0	0	0	0	0	0	0	0	0	0	0	0	0	0	0
405e0341d1fc832021f6a30580dee042	0	0	0	0	0	0	0	0	0	0	0	0	0	0	0	0	0	0	0	0	0	0	0	0	0	0	0	0	0	0	2	0	0	0	0	0	0	0	0	0	0	0	0	0	0	0	0	0	0	0	0	0	0	0	0	0	0	0	0	0	0	0	0	0	0	0	0	0
c9c98b62abf72256d2cf4274fab6db6a	0	0	0	0	0	0	0	0	0	0	0	0	0	0	0	0	0	0	0	0	0	0	0	0	0	0	0	0	0	0	0	2	0	0	0	0	0	0	0	0	0	0	0	0	0	0	0	0	0	0	0	0	0	0	0	0	0	0	0	0	0	0	0	0	0	0	0	0
336137891e3d4014fe5425025447e4b2	0	0	0	0	0	0	0	0	0	0	0	0	0	0	0	0	0	0	0	0	0	0	0	0	0	0	0	0	0	0	0	0	0	2	0	0	0	0	0	0	0	0	0	0	0	0	0	0	0	0	0	0	0	0	0	0	0	0	0	0	0	0	0	0	0	0	0	0
a66cff091ab1e7c2877b358109ebe4bc	0	0	0	0	0	0	0	0	0	0	0	0	0	0	0	0	0	0	0	0	0	0	0	0	0	0	0	0	0	0	0	0	0	2	0	0	0	0	0	0	0	0	0	0	0	0	0	0	0	0	0	0	0	0	0	0	0	0	0	0	0	0	0	0	0	0	0	0
985bfdf20798d809ee02229714596bdb	0	0	0	0	0	0	0	0	0	0	0	0	0	0	0	0	0	0	0	0	0	0	0	0	0	0	0	0	0	0	0	0	0	0	2	0	0	0	0	0	0	0	0	0	0	0	0	0	0	0	0	0	0	0	0	0	0	0	0	0	0	0	0	0	0	0	0	0
5f334ab19019554bc6ff950123e29d62	0	0	0	0	0	0	0	0	0	0	0	0	0	0	0	0	0	0	0	0	0	0	0	0	0	0	0	0	0	0	0	0	0	0	0	2	0	0	0	0	0	0	0	0	0	0	0	0	0	0	0	0	0	0	0	0	0	0	0	0	0	0	0	0	0	0	0	0
43a7093255a3cb5d9b975f4779bd0903	0	0	0	0	0	0	0	0	0	0	0	0	0	0	0	0	0	0	0	0	0	0	0	0	0	0	0	0	0	0	0	0	0	0	0	2	0	0	0	0	0	0	0	0	0	0	0	0	0	0	0	0	0	0	0	0	0	0	0	0	0	0	0	0	0	0	0	0
af4f95a6474ffb6f1c7db302398b69a0	0	0	0	0	0	0	0	0	0	0	0	0	0	0	0	0	0	0	0	0	0	0	0	0	0	0	0	0	0	0	0	0	0	0	0	0	0	0	2	0	0	0	0	0	0	0	0	0	0	0	0	0	0	0	0	0	0	0	0	0	0	0	0	0	0	0	0	0
3b668e810d3a175e59d46c862486c889	0	0	0	0	0	0	0	0	0	0	0	0	0	0	0	0	0	0	0	0	0	0	0	0	0	0	0	0	0	0	0	0	0	0	0	0	0	0	0	2	0	0	0	0	0	0	0	0	0	0	0	0	0	0	0	0	0	0	0	0	0	0	0	0	0	0	0	0
6409589874ae43d8fb06109e0a8eed6e	0	0	0	0	0	0	0	0	0	0	0	0	0	0	0	0	0	0	0	0	0	0	0	0	0	0	0	0	0	0	0	0	0	0	0	0	0	0	0	2	0	0	0	0	0	0	0	0	0	0	0	0	0	0	0	0	0	0	0	0	0	0	0	0	0	0	0	0
06600f6c0e5087007f0529fffb76abe3	0	0	0	0	0	0	0	0	0	0	0	0	0	0	0	0	0	0	0	0	0	0	0	0	0	0	0	0	0	0	0	0	0	0	0	0	0	0	0	0	2	0	0	0	0	0	0	0	0	0	0	0	0	0	0	0	0	0	0	0	0	0	0	0	0	0	0	0
5c6a4d1cd47d3455a200b069ff805201	0	0	0	0	0	0	0	0	0	0	0	0	0	0	0	0	0	0	0	0	0	0	0	0	0	0	0	0	0	0	0	0	0	0	0	0	0	0	0	0	2	0	0	0	0	0	0	0	0	0	0	0	0	0	0	0	0	0	0	0	0	0	0	0	0	0	0	0
249c546d67dd917f52785ecb2206968c	0	0	0	0	0	0	0	0	0	0	0	0	0	0	0	0	0	0	0	0	0	0	0	0	0	0	0	0	0	0	0	0	0	0	0	0	0	0	0	0	0	2	0	0	0	0	0	0	0	0	0	0	0	0	0	0	0	0	0	0	0	0	0	0	0	0	0	0
b02c60e3a33dafbf21a3d65e31024dec	0	0	0	0	0	0	0	0	0	0	0	0	0	0	0	0	0	0	0	0	0	0	0	0	0	0	0	0	0	0	0	0	0	0	0	0	0	0	0	0	0	0	2	0	0	0	0	0	0	0	0	0	0	0	0	0	0	0	0	0	0	0	0	0	0	0	0	0
906047e816aeb2ec3d830ce323e59dcf	0	0	0	0	0	0	0	0	0	0	0	0	0	0	0	0	0	0	0	0	0	0	0	0	0	0	0	0	0	0	0	0	0	0	0	0	0	0	0	0	0	0	0	2	0	0	0	0	0	0	0	0	0	0	0	0	0	0	0	0	0	0	0	0	0	0	0	0
e5e02c44e64b5385087fe722bd47170c	0	0	0	0	0	0	0	0	0	0	0	0	0	0	0	0	0	0	0	0	0	0	0	0	0	0	0	0	0	0	0	0	0	0	0	0	0	0	0	0	0	0	0	2	0	0	0	0	0	0	0	0	0	0	0	0	0	0	0	0	0	0	0	0	0	0	0	0
3233ebeba30317af8d3a15f7c0cc8c93	0	0	0	0	0	0	0	0	0	0	0	0	0	0	0	0	0	0	0	0	0	0	0	0	0	0	0	0	0	0	0	0	0	0	0	0	0	0	0	0	0	0	0	0	0	2	0	0	0	0	0	0	0	0	0	0	0	0	0	0	0	0	0	0	0	0	0	0
f330e765325ac47997066c79007f76b7	0	0	0	0	0	0	0	0	0	0	0	0	0	0	0	0	0	0	0	0	0	0	0	0	0	0	0	0	0	0	0	0	0	0	0	0	0	0	0	0	0	0	0	0	0	0	0	0	2	0	0	0	0	0	0	0	0	0	0	0	0	0	0	0	0	0	0	0
dfd1387cc9b4c4d6d863b4fbe4d5ecb0	0	0	0	0	0	0	0	0	0	0	0	0	0	0	0	0	0	0	0	0	0	0	0	0	0	0	0	0	0	0	0	0	0	0	0	0	0	0	0	0	0	0	0	0	0	0	0	0	0	0	0	0	0	2	0	0	0	0	0	0	0	0	0	0	0	0	0	0
33a904c45f35fee719907f3dd6797d15	0	0	0	0	0	0	0	0	0	0	0	0	0	0	0	0	0	0	0	0	0	0	0	0	0	0	0	0	0	0	0	0	0	0	0	0	0	0	0	0	0	0	0	0	0	0	0	0	0	0	0	0	0	0	2	0	0	0	0	0	0	0	0	0	0	0	0	0
6b23c1353e2288a249ee8dcdf5034c06	0	0	0	0	0	0	0	0	0	0	0	0	0	0	0	0	0	0	0	0	0	0	0	0	0	0	0	0	0	0	0	0	0	0	0	0	0	0	0	0	0	0	0	0	0	0	0	0	0	0	0	0	0	0	0	0	2	0	0	0	0	0	0	0	0	0	0	0
9fe9da0dbdfbb02cc429d506fff17dee	0	0	0	0	0	0	0	0	0	0	0	0	0	0	0	0	0	0	0	0	0	0	0	0	0	0	0	0	0	0	0	0	0	0	0	0	0	0	0	0	0	0	0	0	0	0	0	0	0	0	0	0	0	0	0	0	0	0	2	0	0	0	0	0	0	0	0	0
2b82702ec23e1535599877c18a73f646	0	0	0	0	0	0	0	0	0	0	0	0	0	0	0	0	0	0	0	0	0	0	0	0	0	0	0	0	0	0	0	0	0	0	0	0	0	0	0	0	0	0	0	0	0	0	0	0	0	0	0	0	0	0	0	0	0	0	0	0	0	0	2	0	0	0	0	0
4d319038f9ea8ddd6c30e99278366157	0	0	0	0	0	0	0	0	0	0	0	0	0	0	0	0	0	0	0	0	0	0	0	0	0	0	0	0	0	0	0	0	0	0	0	0	0	0	0	0	0	0	0	0	0	0	0	0	0	0	0	0	0	0	0	0	0	0	0	0	0	0	0	2	0	0	0	0
d26656c613e4cee9179370fc78ae3191	0	0	0	0	0	0	0	0	0	0	0	0	0	0	0	0	0	0	0	0	0	0	0	0	0	0	0	0	0	0	0	0	0	0	0	0	0	0	0	0	0	0	0	0	0	0	0	0	0	0	0	0	0	0	0	0	0	0	0	0	0	0	0	0	2	0	0	0
a82197d5893b68f84602c6ecd119b23b	0	0	0	0	0	0	0	0	0	0	0	0	0	0	0	0	0	0	0	0	0	0	0	0	0	0	0	0	0	0	0	0	0	0	0	0	0	0	0	0	0	0	0	0	0	0	0	0	0	0	0	0	0	0	0	0	0	0	0	0	0	0	0	0	0	0	2	0
cc3b12516b0a2486314563bdcd8e8882	0	0	0	0	0	0	0	0	0	0	0	0	0	0	0	0	0	0	0	0	0	0	0	0	0	0	0	0	0	0	0	0	0	0	0	0	0	0	0	0	0	0	0	0	0	0	0	0	0	0	0	0	0	0	0	0	0	0	0	0	0	0	0	0	0	0	2	0
a82bbb9ad46a94436f6218d199e03a3b	0	0	0	0	0	0	0	0	0	0	0	0	0	0	0	0	0	0	0	0	0	0	0	0	0	0	0	0	0	0	0	0	0	0	0	0	0	0	0	0	0	0	0	0	0	0	0	0	0	0	0	0	0	0	0	0	0	0	0	0	0	0	0	0	0	0	2	0